label,pred,smoothed,true
0,0,0,0
0,0,0,0
0,0,2,2
0,0,2,2
0,0,0,0
0,0,0,0
0,0,0,0
0,0,0,0
0,0,0,0
0,0,0,0
0,0,0,0
0,0,2,2
0,0,0,0
0,0,0,0
0,0,0,0
0,0,0,0
0,0,0,0
0,0,0,0
0,0,0,0
0,0,0,0
0,0,0,0
0,0,0,0
0,0,0,0
0,0,0,0
0,0,0,0
0,0,1,1
0,0,0,0
0,0,0,0
0,0,2,2
0,0,8,8
0,0,3,3
0,0,0,0
0,0,0,0
0,0,0,0
0,0,0,0
0,0,0,0
0,0,0,0
0,0,0,0
0,0,0,0
0,0,0,0
0,0,4,4
0,0,0,0
0,0,0,0
0,0,10,10
0,0,14,14
0,0,6,6
0,0,6,6
0,0,0,0
0,0,0,0
0,0,0,0
0,0,0,0
0,0,0,0
0,0,0,0
0,0,0,0
0,0,8,8
0,0,8,8
0,0,4,4
0,0,6,6
0,0,4,4
0,0,4,4
0,0,13,13
0,0,8,8
0,0,7,7
0,0,0,0
0,0,0,0
0,0,0,0
0,0,0,0
0,0,0,0
0,0,4,4
0,0,4,4
0,0,0,0
0,0,0,0
0,0,0,0
0,0,4,4
0,0,8,8
0,0,16,16
0,0,12,12
0,0,0,0
0,0,0,0
0,0,0,0
0,0,0,0
0,0,0,0
0,0,0,0
0,0,4,4
0,0,0,0
0,0,4,4
0,0,2,2
0,0,0,0
0,0,12,12
0,0,8,8
0,0,8,8
0,0,0,0
0,0,8,8
0,0,8,8
0,0,4,4
0,0,0,0
0,0,4,4
0,0,4,4
0,0,13,13
0,0,0,0
0,0,0,0
0,0,8,8
0,0,4,4
0,0,0,0
0,0,0,0
0,0,4,4
0,0,0,0
0,0,0,0
0,0,0,0
0,0,0,0
0,0,0,0
0,0,5,5
0,0,0,0
0,0,16,16
0,0,1,1
0,0,0,0
0,0,0,0
0,0,0,0
0,0,1,1
0,0,1,1
0,0,0,0
0,0,0,0
0,0,17,17
0,0,4,4
0,0,0,0
0,0,2,2
0,0,0,0
0,0,11,11
1,0,17,76
0,0,0,0
0,0,0,0
1,0,17,154
0,0,42,42
0,0,26,26
0,0,8,8
0,0,0,0
0,0,0,0
0,0,1,1
0,0,2,2
0,0,0,0
0,0,0,0
0,0,0,0
0,0,34,34
0,0,18,18
1,0,34,56
0,0,0,0
0,0,0,0
0,0,0,0
0,0,0,0
0,0,6,6
1,0,34,185
0,0,7,7
0,0,0,0
0,0,14,14
0,0,0,0
0,0,4,4
0,0,0,0
0,0,1,1
0,0,6,6
0,0,5,5
0,0,10,10
1,0,14,61
0,0,0,0
0,0,2,2
0,0,0,0
0,0,1,1
0,0,0,0
0,0,1,1
0,0,0,0
1,0,14,68
0,0,2,2
0,0,4,4
0,0,2,2
1,0,14,53
0,0,11,11
0,0,0,0
0,0,0,0
0,0,0,0
0,0,0,0
0,0,0,0
0,0,0,0
0,0,0,0
0,0,0,0
0,0,0,0
0,0,1,1
0,0,0,0
0,0,0,0
0,0,0,0
0,0,0,0
0,0,0,0
0,0,0,0
0,0,0,0
0,0,0,0
0,0,0,0
0,0,0,0
0,0,0,0
0,0,0,0
0,0,0,0
0,0,0,0
0,0,0,0
0,0,1,1
0,0,22,22
0,0,0,0
0,0,0,0
0,0,2,2
0,0,1,1
0,0,3,3
0,0,0,0
0,0,1,1
1,0,22,118
0,0,0,0
0,0,3,3
0,0,3,3
0,0,2,2
0,0,0,0
0,0,0,0
0,0,0,0
0,0,0,0
0,0,0,0
0,0,0,0
0,0,0,0
0,0,0,0
0,0,2,2
0,0,0,0
0,0,0,0
0,0,0,0
0,0,0,0
0,0,3,3
0,0,0,0
0,0,2,2
0,0,1,1
0,0,2,2
0,0,0,0
0,0,0,0
0,0,0,0
0,0,2,2
0,0,0,0
0,0,0,0
1,0,2,55
0,0,22,22
0,0,31,31
0,0,10,10
0,0,2,2
0,0,12,12
0,0,9,9
0,0,0,0
1,0,31,58
0,0,0,0
0,0,6,6
0,0,1,1
0,0,2,2
0,0,0,0
0,0,0,0
0,0,0,0
0,0,0,0
0,0,0,0
0,0,0,0
0,0,0,0
0,0,0,0
0,0,0,0
0,0,6,6
0,0,2,2
0,0,6,6
0,0,1,1
0,0,0,0
0,0,0,0
0,0,0,0
0,0,7,7
0,0,2,2
0,0,0,0
0,0,1,1
0,0,0,0
0,0,0,0
0,0,4,4
0,0,1,1
0,0,3,3
0,0,0,0
0,0,0,0
0,0,0,0
0,0,2,2
0,0,0,0
0,0,0,0
0,0,1,1
0,0,0,0
0,0,0,0
0,0,0,0
0,0,0,0
0,0,0,0
0,0,0,0
0,0,0,0
0,0,0,0
0,0,0,0
0,0,0,0
0,0,0,0
0,0,0,0
0,0,0,0
0,0,0,0
0,0,0,0
0,0,0,0
0,0,6,6
0,0,0,0
0,0,0,0
0,0,0,0
0,0,0,0
0,0,1,1
0,0,2,2
0,0,0,0
0,0,0,0
0,0,0,0
0,0,0,0
0,0,0,0
0,0,0,0
0,0,0,0
0,0,0,0
0,0,0,0
0,0,0,0
0,0,0,0
0,0,0,0
0,0,0,0
0,0,0,0
0,0,0,0
0,0,0,0
0,0,0,0
0,0,0,0
0,0,0,0
0,0,0,0
0,0,0,0
0,0,0,0
0,0,0,0
0,0,0,0
0,0,0,0
0,0,0,0
0,0,0,0
0,0,0,0
0,0,0,0
0,0,0,0
0,0,0,0
0,0,0,0
0,0,0,0
0,0,0,0
0,0,0,0
0,0,0,0
0,0,0,0
0,0,0,0
0,0,0,0
0,0,0,0
0,0,6,6
0,0,0,0
0,0,0,0
0,0,0,0
0,0,0,0
0,0,0,0
0,0,0,0
0,0,0,0
0,0,0,0
0,0,0,0
0,0,0,0
0,0,0,0
0,0,45,45
0,0,0,0
0,0,2,2
0,0,0,0
0,0,0,0
0,0,0,0
0,0,0,0
0,0,0,0
0,0,0,0
0,0,0,0
1,0,45,54
0,0,1,1
0,0,12,12
0,0,0,0
0,0,0,0
0,0,0,0
0,0,0,0
0,0,0,0
0,0,0,0
0,0,0,0
0,0,0,0
0,0,0,0
0,0,0,0
0,0,0,0
0,0,1,1
0,0,0,0
0,0,0,0
0,0,0,0
0,0,2,2
0,0,9,9
0,0,0,0
0,0,0,0
0,0,0,0
0,0,0,0
0,0,0,0
1,0,9,169
0,0,0,0
0,0,3,3
0,0,3,3
0,0,3,3
0,0,0,0
0,0,2,2
0,0,0,0
0,0,3,3
0,0,0,0
0,0,6,6
0,0,3,3
0,0,0,0
0,0,1,1
0,0,0,0
0,0,0,0
0,0,2,2
0,0,0,0
0,0,1,1
0,0,1,1
0,0,1,1
0,0,0,0
0,0,0,0
0,0,0,0
0,0,1,1
0,0,0,0
0,0,1,1
0,0,5,5
0,0,0,0
0,0,0,0
0,0,4,4
0,0,0,0
0,0,4,4
0,0,0,0
0,0,1,1
0,0,0,0
0,0,1,1
0,0,0,0
0,0,2,2
0,0,0,0
0,0,0,0
0,0,1,1
0,0,0,0
0,0,10,10
0,0,0,0
0,0,1,1
0,0,0,0
0,0,0,0
0,0,10,10
0,0,0,0
0,0,0,0
0,0,45,45
0,0,0,0
0,0,12,12
0,0,4,4
1,0,45,67
0,0,14,14
0,0,2,2
0,0,0,0
0,0,45,45
0,0,1,1
0,0,1,1
0,0,11,11
0,0,0,0
0,0,3,3
0,0,1,1
0,0,1,1
0,0,3,3
0,0,0,0
0,0,1,1
0,0,0,0
0,0,0,0
0,0,3,3
0,0,3,3
0,0,3,3
0,0,0,0
0,0,0,0
0,0,0,0
0,0,1,1
0,0,0,0
0,0,0,0
0,0,0,0
0,0,0,0
0,0,0,0
0,0,2,2
0,0,0,0
0,0,0,0
1,0,2,156
0,0,0,0
0,0,0,0
0,0,0,0
0,0,0,0
0,0,0,0
0,0,1,1
0,0,0,0
0,0,19,19
0,0,0,0
0,0,2,2
0,0,0,0
0,0,1,1
0,0,0,0
0,0,1,1
0,0,0,0
0,0,0,0
0,0,0,0
0,0,0,0
0,0,0,0
0,0,0,0
0,0,1,1
1,0,1,57
0,0,7,7
0,0,6,6
0,0,1,1
0,0,2,2
0,0,0,0
0,0,0,0
0,0,0,0
0,0,0,0
0,0,0,0
0,0,1,1
0,0,5,5
0,0,8,8
0,0,6,6
0,0,0,0
0,0,0,0
0,0,0,0
0,0,0,0
0,0,0,0
0,0,0,0
0,0,0,0
0,0,0,0
0,0,0,0
0,0,0,0
0,0,0,0
0,0,0,0
0,0,0,0
0,0,1,1
1,0,1,55
0,0,0,0
0,0,2,2
0,0,2,2
0,0,3,3
0,0,0,0
0,0,0,0
0,0,3,3
0,0,0,0
0,0,0,0
0,0,0,0
0,0,0,0
0,0,0,0
0,0,0,0
0,0,0,0
0,0,0,0
0,0,0,0
0,0,0,0
0,0,0,0
0,0,0,0
0,0,0,0
0,0,0,0
0,0,0,0
0,0,0,0
0,0,1,1
0,0,3,3
0,0,7,7
0,0,1,1
0,0,0,0
0,0,4,4
0,0,2,2
1,0,7,61
0,0,5,5
0,0,1,1
0,0,0,0
0,0,0,0
0,0,2,2
0,0,0,0
0,0,9,9
0,0,5,5
0,0,0,0
0,0,0,0
0,0,0,0
0,0,0,0
0,0,0,0
0,0,0,0
0,0,1,1
0,0,1,1
0,0,0,0
0,0,0,0
0,0,0,0
0,0,0,0
0,0,0,0
0,0,0,0
0,0,0,0
0,0,0,0
0,0,0,0
0,0,0,0
0,0,0,0
0,0,0,0
0,0,0,0
0,0,0,0
0,0,0,0
0,0,0,0
0,0,0,0
0,0,2,2
0,0,0,0
0,0,0,0
0,0,0,0
0,0,0,0
0,0,0,0
0,0,0,0
0,0,0,0
0,0,0,0
0,0,0,0
0,0,1,1
0,0,0,0
0,0,0,0
0,0,0,0
0,0,0,0
0,0,0,0
0,0,0,0
0,0,0,0
0,0,0,0
0,0,0,0
0,0,0,0
0,0,0,0
0,0,0,0
0,0,0,0
0,0,0,0
0,0,0,0
0,0,0,0
0,0,0,0
0,0,0,0
0,0,3,3
0,0,0,0
0,0,0,0
0,0,0,0
0,0,0,0
0,0,0,0
0,0,0,0
0,0,0,0
0,0,0,0
0,0,0,0
0,0,0,0
0,0,0,0
0,0,0,0
0,0,0,0
0,0,0,0
0,0,0,0
0,0,0,0
0,0,6,6
0,0,0,0
0,0,0,0
0,0,0,0
0,0,0,0
0,0,0,0
0,0,0,0
0,0,1,1
0,0,0,0
0,0,0,0
0,0,0,0
0,0,0,0
0,0,0,0
0,0,0,0
0,0,0,0
0,0,0,0
0,0,0,0
0,0,0,0
0,0,0,0
0,0,0,0
0,0,0,0
0,0,0,0
0,0,0,0
0,0,0,0
0,0,0,0
0,0,0,0
0,0,0,0
0,0,0,0
0,0,3,3
0,0,0,0
0,0,0,0
0,0,0,0
0,0,0,0
0,0,0,0
0,0,0,0
0,0,2,2
0,0,0,0
0,0,0,0
0,0,0,0
0,0,0,0
0,0,0,0
0,0,0,0
0,0,0,0
0,0,0,0
0,0,0,0
0,0,2,2
0,0,5,5
0,0,0,0
0,0,0,0
1,0,5,68
0,0,0,0
0,0,2,2
0,0,0,0
0,0,0,0
0,0,0,0
0,0,6,6
0,0,6,6
0,0,0,0
0,0,0,0
0,0,2,2
0,0,6,6
0,0,0,0
0,0,0,0
0,0,0,0
0,0,0,0
0,0,1,1
0,0,0,0
0,0,0,0
0,0,0,0
0,0,0,0
0,0,0,0
0,0,3,3
0,0,10,10
0,0,2,2
0,0,10,10
0,0,0,0
0,0,0,0
0,0,0,0
0,0,0,0
0,0,0,0
0,0,0,0
0,0,0,0
0,0,0,0
0,0,0,0
0,0,3,3
0,0,0,0
0,0,0,0
0,0,1,1
0,0,0,0
0,0,10,10
0,0,0,0
0,0,0,0
0,0,0,0
0,0,4,4
0,0,12,12
0,0,1,1
0,0,1,1
0,0,1,1
0,0,0,0
0,0,0,0
0,0,0,0
0,0,0,0
0,0,1,1
0,0,1,1
0,0,0,0
0,0,1,1
0,0,0,0
0,0,1,1
0,0,0,0
0,0,0,0
0,0,3,3
0,0,2,2
0,0,1,1
0,0,1,1
0,0,0,0
0,0,2,2
0,0,1,1
1,0,3,102
1,0,3,80
0,0,30,30
0,0,2,2
0,0,1,1
0,0,0,0
0,0,1,1
0,0,3,3
0,0,0,0
0,0,0,0
0,0,2,2
0,0,4,4
0,0,0,0
0,0,0,0
0,0,0,0
0,0,1,1
0,0,2,2
0,0,0,0
0,0,0,0
0,0,0,0
0,0,0,0
0,0,0,0
0,0,10,10
0,0,0,0
0,0,0,0
0,0,0,0
0,0,0,0
0,0,1,1
0,0,3,3
0,0,0,0
0,0,3,3
0,0,0,0
0,0,0,0
0,0,3,3
0,0,0,0
0,0,0,0
0,0,1,1
0,0,4,4
0,0,0,0
0,0,1,1
0,0,0,0
0,0,0,0
0,0,0,0
0,0,4,4
0,0,0,0
0,0,0,0
0,0,0,0
0,0,0,0
0,0,2,2
0,0,0,0
0,0,1,1
0,0,0,0
0,0,0,0
0,0,0,0
0,0,0,0
0,0,0,0
0,0,0,0
0,0,0,0
0,0,0,0
0,0,0,0
0,0,0,0
0,0,0,0
0,0,0,0
0,0,0,0
0,0,4,4
0,0,5,5
0,0,0,0
0,0,2,2
0,0,0,0
0,0,0,0
0,0,0,0
0,0,0,0
0,0,0,0
0,0,0,0
0,0,0,0
0,0,18,18
0,0,29,29
0,0,3,3
0,0,0,0
0,0,4,4
0,0,0,0
0,0,4,4
0,0,1,1
1,0,29,64
0,0,1,1
0,0,0,0
0,0,0,0
0,0,0,0
0,0,0,0
0,0,3,3
0,0,3,3
0,0,2,2
0,0,1,1
0,0,0,0
0,0,0,0
0,0,0,0
0,0,1,1
0,0,0,0
0,0,2,2
0,0,1,1
0,0,3,3
0,0,0,0
0,0,0,0
0,0,2,2
0,0,0,0
0,0,0,0
0,0,0,0
0,0,3,3
0,0,0,0
0,0,0,0
0,0,0,0
0,0,0,0
0,0,0,0
0,0,0,0
0,0,0,0
0,0,0,0
0,0,0,0
0,0,0,0
0,0,0,0
0,0,0,0
0,0,1,1
0,0,0,0
0,0,0,0
0,0,0,0
0,0,0,0
0,0,0,0
0,0,0,0
0,0,0,0
0,0,0,0
0,0,0,0
0,0,0,0
0,0,0,0
0,0,0,0
0,0,0,0
0,0,0,0
0,0,0,0
0,0,0,0
0,0,0,0
0,0,0,0
0,0,0,0
0,0,0,0
0,0,0,0
0,0,0,0
0,0,0,0
0,0,0,0
0,0,0,0
0,0,0,0
0,0,0,0
0,0,0,0
0,0,0,0
0,0,0,0
0,0,0,0
0,0,0,0
0,0,0,0
0,0,0,0
0,0,0,0
0,0,0,0
0,0,0,0
0,0,0,0
0,0,0,0
0,0,0,0
0,0,0,0
0,0,0,0
0,0,0,0
0,0,0,0
0,0,0,0
0,0,0,0
0,0,19,19
0,0,0,0
0,0,0,0
0,0,0,0
0,0,0,0
0,0,0,0
0,0,12,12
0,0,3,3
0,0,0,0
0,0,0,0
0,0,0,0
0,0,0,0
0,0,0,0
0,0,24,24
0,0,0,0
0,0,0,0
0,0,0,0
0,0,0,0
0,0,0,0
0,0,0,0
0,0,1,1
0,0,17,17
0,0,6,6
0,0,3,3
0,0,3,3
0,0,24,24
0,0,9,9
0,0,3,3
0,0,6,6
0,0,0,0
0,0,6,6
0,0,3,3
0,0,8,8
0,0,1,1
0,0,0,0
0,0,2,2
0,0,0,0
0,0,19,19
0,0,0,0
0,0,2,2
0,0,3,3
0,0,4,4
0,0,1,1
0,0,2,2
0,0,3,3
0,0,3,3
0,0,0,0
0,0,0,0
0,0,0,0
0,0,19,19
0,0,0,0
0,0,8,8
0,0,23,23
0,0,32,32
0,0,1,1
0,0,0,0
0,0,0,0
0,0,0,0
0,0,4,4
0,0,0,0
0,0,0,0
0,0,37,37
0,0,0,0
0,0,0,0
0,0,0,0
0,0,1,1
0,0,0,0
0,0,18,18
0,0,0,0
0,0,0,0
0,0,0,0
0,0,0,0
0,0,1,1
0,0,36,36
0,0,0,0
0,0,0,0
0,0,0,0
0,0,0,0
0,0,2,2
0,0,18,18
0,0,5,5
0,0,1,1
0,0,0,0
0,0,0,0
0,0,0,0
1,0,18,135
0,0,0,0
0,0,2,2
0,0,0,0
0,0,1,1
0,0,0,0
0,0,18,18
0,0,0,0
0,0,3,3
0,0,0,0
0,0,0,0
0,0,0,0
0,0,38,38
0,0,2,2
0,0,0,0
0,0,2,2
0,0,6,6
0,0,0,0
0,0,18,18
0,0,0,0
0,0,2,2
0,0,2,2
0,0,21,21
0,0,2,2
0,0,36,36
0,0,0,0
0,0,0,0
0,0,0,0
0,0,0,0
0,0,0,0
0,0,4,4
0,0,14,14
0,0,0,0
0,0,0,0
0,0,0,0
0,0,0,0
0,0,36,36
0,0,0,0
0,0,3,3
0,0,8,8
1,0,36,199
0,0,0,0
0,0,18,18
0,0,0,0
0,0,0,0
0,0,0,0
0,0,0,0
0,0,0,0
0,0,36,36
0,0,0,0
0,0,0,0
0,0,0,0
0,0,0,0
0,0,0,0
0,0,0,0
0,0,12,12
0,0,15,15
0,0,0,0
0,0,0,0
0,0,0,0
0,0,24,24
0,0,1,1
0,0,0,0
0,0,0,0
0,0,0,0
0,0,0,0
0,0,0,0
0,0,0,0
0,0,0,0
0,0,12,12
0,0,0,0
0,0,0,0
0,0,21,21
0,0,12,12
0,0,0,0
0,0,0,0
0,0,0,0
0,0,0,0
0,0,18,18
0,0,0,0
0,0,0,0
0,0,0,0
0,0,0,0
0,0,0,0
1,0,18,102
0,0,0,0
0,0,3,3
0,0,3,3
0,0,3,3
0,0,7,7
0,0,18,18
0,0,0,0
0,0,0,0
1,0,18,63
0,0,0,0
0,0,1,1
0,0,18,18
0,0,18,18
0,0,0,0
0,0,1,1
0,0,0,0
0,0,0,0
0,0,19,19
0,0,0,0
0,0,0,0
0,0,19,19
0,0,0,0
0,0,0,0
0,0,1,1
0,0,4,4
0,0,0,0
0,0,1,1
0,0,1,1
0,0,0,0
0,0,0,0
0,0,1,1
1,0,4,70
0,0,0,0
0,0,0,0
0,0,0,0
0,0,0,0
0,0,0,0
0,0,5,5
0,0,4,4
0,0,2,2
0,0,6,6
0,0,3,3
0,0,0,0
0,0,2,2
0,0,2,2
0,0,14,14
0,0,0,0
0,0,0,0
1,0,14,197
0,0,8,8
0,0,1,1
0,0,0,0
0,0,3,3
0,0,0,0
0,0,0,0
0,0,0,0
0,0,0,0
0,0,4,4
0,0,8,8
0,0,4,4
0,0,9,9
0,0,3,3
1,0,9,54
0,0,1,1
0,0,0,0
0,0,0,0
0,0,0,0
0,0,0,0
0,0,0,0
0,0,1,1
1,0,9,116
0,0,0,0
0,0,0,0
0,0,0,0
0,0,0,0
0,0,0,0
0,0,0,0
0,0,0,0
0,0,0,0
0,0,0,0
0,0,0,0
0,0,0,0
0,0,0,0
0,0,0,0
0,0,0,0
0,0,0,0
0,0,0,0
0,0,0,0
0,0,0,0
0,0,0,0
0,0,0,0
0,0,0,0
0,0,0,0
0,0,0,0
0,0,0,0
0,0,0,0
0,0,0,0
0,0,0,0
0,0,0,0
0,0,0,0
0,0,0,0
0,0,0,0
0,0,0,0
0,0,0,0
0,0,0,0
0,0,0,0
0,0,0,0
0,0,0,0
0,0,0,0
0,0,0,0
0,0,0,0
0,0,0,0
0,0,0,0
0,0,0,0
0,0,0,0
0,0,0,0
0,0,0,0
0,0,0,0
0,0,0,0
0,0,0,0
0,0,2,2
0,0,0,0
0,0,0,0
0,0,0,0
0,0,0,0
0,0,0,0
0,0,0,0
0,0,0,0
0,0,0,0
0,0,0,0
0,0,0,0
0,0,3,3
0,0,0,0
0,0,0,0
0,0,0,0
0,0,0,0
0,0,0,0
0,0,0,0
0,0,12,12
0,0,1,1
0,0,0,0
0,0,2,2
0,0,0,0
0,0,0,0
0,0,2,2
0,0,2,2
0,0,0,0
0,0,8,8
0,0,16,16
0,0,1,1
0,0,1,1
0,0,2,2
0,0,2,2
0,0,0,0
0,0,0,0
0,0,0,0
0,0,0,0
0,0,0,0
0,0,0,0
0,0,1,1
0,0,6,6
0,0,1,1
0,0,0,0
0,0,0,0
0,0,0,0
0,0,2,2
0,0,0,0
0,0,0,0
0,0,1,1
0,0,0,0
0,0,0,0
0,0,0,0
0,0,0,0
0,0,0,0
0,0,1,1
0,0,0,0
0,0,3,3
0,0,0,0
0,0,2,2
0,0,0,0
0,0,0,0
0,0,0,0
0,0,1,1
0,0,0,0
0,0,0,0
0,0,0,0
0,0,0,0
0,0,0,0
0,0,20,20
0,0,2,2
0,0,0,0
0,0,13,13
0,0,0,0
0,0,0,0
0,0,0,0
0,0,0,0
0,0,2,2
0,0,0,0
0,0,0,0
0,0,0,0
0,0,0,0
0,0,0,0
0,0,0,0
0,0,8,8
0,0,1,1
0,0,0,0
0,0,0,0
0,0,0,0
0,0,0,0
0,0,0,0
0,0,0,0
0,0,0,0
0,0,0,0
0,0,0,0
0,0,0,0
0,0,0,0
0,0,0,0
0,0,0,0
0,0,0,0
0,0,0,0
0,0,0,0
0,0,4,4
0,0,48,48
0,0,0,0
0,0,4,4
0,0,0,0
0,0,0,0
0,0,0,0
0,0,0,0
0,0,0,0
0,0,1,1
0,0,0,0
0,0,0,0
0,0,9,9
0,0,0,0
0,0,0,0
0,0,0,0
0,0,0,0
0,0,0,0
0,0,0,0
0,0,17,17
0,0,0,0
0,0,0,0
0,0,0,0
0,0,0,0
0,0,0,0
0,0,0,0
0,0,2,2
0,0,5,5
0,0,0,0
0,0,0,0
0,0,0,0
0,0,3,3
0,0,1,1
0,0,0,0
0,0,0,0
0,0,0,0
0,0,0,0
0,0,0,0
0,0,0,0
0,0,0,0
0,0,0,0
0,0,0,0
0,0,0,0
0,0,0,0
0,0,0,0
0,0,0,0
0,0,1,1
0,0,0,0
0,0,0,0
0,0,0,0
0,0,9,9
0,0,0,0
0,0,0,0
0,0,0,0
0,0,0,0
0,0,3,3
0,0,3,3
0,0,1,1
0,0,0,0
0,0,0,0
0,0,0,0
0,0,0,0
0,0,0,0
0,0,0,0
0,0,0,0
0,0,0,0
1,0,3,65
0,0,0,0
0,0,14,14
0,0,0,0
0,0,0,0
0,0,0,0
0,0,3,3
0,0,3,3
0,0,0,0
0,0,20,20
0,0,22,22
0,0,30,30
0,0,25,25
0,0,28,28
0,0,22,22
0,0,2,2
0,0,0,0
0,0,0,0
0,0,2,2
0,0,5,5
0,0,0,0
0,0,1,1
0,0,2,2
0,0,3,3
0,0,0,0
0,0,4,4
0,0,0,0
0,0,0,0
0,0,0,0
0,0,0,0
1,0,4,218
0,0,1,1
0,0,0,0
1,0,4,86
0,0,0,0
0,0,0,0
0,0,0,0
0,0,1,1
0,0,1,1
0,0,0,0
0,0,0,0
0,0,1,1
0,0,10,10
0,0,10,10
0,0,6,6
0,0,12,12
0,0,9,9
0,0,9,9
0,0,0,0
0,0,0,0
0,0,2,2
0,0,0,0
0,0,1,1
0,0,0,0
0,0,0,0
0,0,13,13
0,0,0,0
0,0,0,0
0,0,0,0
0,0,0,0
0,0,0,0
0,0,1,1
0,0,0,0
0,0,2,2
0,0,1,1
0,0,0,0
0,0,0,0
0,0,0,0
0,0,0,0
0,0,0,0
0,0,0,0
0,0,0,0
0,0,0,0
0,0,0,0
0,0,0,0
0,0,0,0
0,0,0,0
0,0,0,0
0,0,0,0
0,0,0,0
0,0,8,8
0,0,4,4
0,0,0,0
0,0,0,0
0,0,2,2
0,0,0,0
0,0,0,0
0,0,6,6
0,0,33,33
0,0,0,0
0,0,0,0
0,0,0,0
0,0,0,0
0,0,0,0
0,0,0,0
0,0,0,0
0,0,0,0
0,0,0,0
0,0,0,0
0,0,0,0
0,0,0,0
0,0,0,0
0,0,0,0
0,0,0,0
0,0,0,0
0,0,0,0
0,0,0,0
0,0,0,0
0,0,0,0
0,0,0,0
0,0,0,0
0,0,0,0
0,0,0,0
0,0,0,0
0,0,0,0
0,0,0,0
0,0,0,0
0,0,3,3
0,0,0,0
0,0,0,0
0,0,0,0
0,0,0,0
0,0,0,0
0,0,9,9
0,0,0,0
0,0,0,0
0,0,6,6
0,0,0,0
0,0,4,4
0,0,0,0
0,0,0,0
0,0,0,0
0,0,0,0
0,0,0,0
0,0,6,6
0,0,12,12
0,0,0,0
0,0,18,18
0,0,0,0
0,0,0,0
0,0,0,0
0,0,1,1
0,0,0,0
0,0,0,0
0,0,2,2
0,0,0,0
0,0,1,1
0,0,3,3
0,0,0,0
0,0,0,0
0,0,0,0
0,0,0,0
0,0,0,0
0,0,0,0
0,0,0,0
0,0,0,0
0,0,0,0
0,0,0,0
0,0,3,3
0,0,0,0
0,0,1,1
0,0,0,0
0,0,0,0
0,0,0,0
0,0,2,2
0,0,0,0
0,0,0,0
0,0,6,6
0,0,12,12
0,0,0,0
0,0,0,0
0,0,0,0
0,0,0,0
0,0,0,0
0,0,0,0
0,0,0,0
0,0,52,52
0,0,1,1
0,0,0,0
0,0,16,16
0,0,0,0
0,0,2,2
1,0,52,235
0,0,17,17
0,0,0,0
0,0,0,0
0,0,0,0
0,0,0,0
0,0,0,0
0,0,0,0
0,0,1,1
0,0,0,0
0,0,0,0
0,0,0,0
0,0,0,0
0,0,0,0
0,0,0,0
0,0,1,1
0,0,3,3
0,0,0,0
0,0,3,3
0,0,3,3
0,0,0,0
0,0,0,0
0,0,0,0
0,0,1,1
0,0,0,0
0,0,4,4
0,0,24,24
0,0,0,0
0,0,0,0
0,0,3,3
0,0,0,0
0,0,0,0
0,0,4,4
0,0,7,7
0,0,0,0
0,0,2,2
0,0,3,3
0,0,0,0
0,0,0,0
0,0,0,0
0,0,3,3
0,0,0,0
0,0,0,0
0,0,0,0
0,0,0,0
0,0,0,0
0,0,0,0
0,0,33,33
0,0,0,0
0,0,0,0
0,0,6,6
0,0,1,1
0,0,2,2
0,0,0,0
0,0,0,0
0,0,3,3
0,0,1,1
0,0,0,0
0,0,0,0
0,0,1,1
0,0,0,0
0,0,0,0
0,0,0,0
0,0,0,0
0,0,16,16
0,0,2,2
0,0,0,0
0,0,0,0
0,0,0,0
0,0,0,0
0,0,0,0
0,0,9,9
0,0,0,0
0,0,0,0
0,0,4,4
0,0,5,5
0,0,0,0
0,0,0,0
0,0,0,0
0,0,0,0
0,0,0,0
0,0,3,3
0,0,0,0
0,0,0,0
0,0,0,0
0,0,0,0
0,0,0,0
0,0,6,6
0,0,6,6
0,0,7,7
0,0,5,5
0,0,7,7
0,0,0,0
0,0,0,0
0,0,1,1
0,0,4,4
0,0,0,0
0,0,6,6
0,0,0,0
0,0,0,0
0,0,3,3
0,0,0,0
0,0,0,0
0,0,0,0
1,0,6,76
0,0,12,12
0,0,1,1
0,0,18,18
0,0,0,0
0,0,0,0
0,0,10,10
0,0,2,2
0,0,0,0
0,0,0,0
0,0,5,5
0,0,1,1
0,0,4,4
0,0,8,8
0,0,0,0
0,0,0,0
0,0,2,2
0,0,0,0
0,0,0,0
0,0,1,1
0,0,1,1
0,0,0,0
0,0,0,0
0,0,1,1
0,0,0,0
0,0,0,0
0,0,0,0
0,0,0,0
0,0,0,0
0,0,0,0
0,0,0,0
0,0,0,0
0,0,3,3
0,0,0,0
0,0,0,0
0,0,0,0
0,0,2,2
0,0,2,2
0,0,3,3
0,0,0,0
0,0,0,0
0,0,25,25
0,0,1,1
0,0,8,8
0,0,0,0
0,0,3,3
0,0,0,0
0,0,1,1
0,0,0,0
0,0,1,1
0,0,0,0
0,0,21,21
0,0,0,0
0,0,0,0
0,0,0,0
0,0,1,1
0,0,0,0
0,0,0,0
0,0,9,9
0,0,0,0
0,0,14,14
1,0,21,67
1,0,21,80
1,0,21,86
0,0,48,48
0,0,0,0
0,0,0,0
0,0,4,4
0,0,1,1
0,0,1,1
0,0,0,0
0,0,3,3
0,0,4,4
0,0,0,0
0,0,0,0
0,0,1,1
0,0,4,4
0,0,5,5
0,0,3,3
0,0,0,0
0,0,0,0
0,0,0,0
0,0,0,0
0,0,0,0
0,0,0,0
0,0,0,0
0,0,0,0
0,0,0,0
0,0,0,0
0,0,0,0
0,0,0,0
0,0,0,0
0,0,0,0
0,0,0,0
0,0,0,0
0,0,3,3
0,0,3,3
0,0,0,0
0,0,0,0
0,0,0,0
0,0,0,0
0,0,0,0
0,0,0,0
0,0,0,0
0,0,0,0
0,0,0,0
0,0,0,0
0,0,0,0
0,0,0,0
0,0,0,0
0,0,0,0
0,0,0,0
0,0,0,0
0,0,0,0
0,0,0,0
0,0,0,0
0,0,0,0
0,0,0,0
0,0,0,0
0,0,0,0
0,0,0,0
0,0,0,0
0,0,0,0
0,0,0,0
0,0,0,0
0,0,0,0
0,0,0,0
0,0,0,0
0,0,0,0
0,0,0,0
0,0,0,0
0,0,0,0
0,0,0,0
0,0,0,0
0,0,0,0
0,0,0,0
0,0,0,0
0,0,0,0
0,0,0,0
0,0,0,0
0,0,0,0
0,0,0,0
0,0,0,0
0,0,0,0
0,0,0,0
0,0,0,0
0,0,0,0
0,0,0,0
0,0,0,0
0,0,0,0
0,0,0,0
0,0,0,0
0,0,0,0
0,0,0,0
0,0,0,0
0,0,0,0
0,0,1,1
0,0,4,4
0,0,0,0
0,0,3,3
0,0,3,3
0,0,0,0
0,0,1,1
0,0,2,2
0,0,0,0
0,0,0,0
0,0,0,0
0,0,16,16
0,0,0,0
0,0,0,0
0,0,9,9
0,0,50,50
0,0,3,3
0,0,2,2
0,0,1,1
0,0,3,3
0,0,0,0
0,0,3,3
0,0,1,1
0,0,0,0
0,0,0,0
0,0,0,0
0,0,0,0
0,0,0,0
0,0,0,0
0,0,2,2
0,0,0,0
0,0,1,1
0,0,0,0
0,0,0,0
0,0,2,2
0,0,0,0
0,0,0,0
0,0,0,0
0,0,0,0
0,0,1,1
0,0,0,0
0,0,0,0
0,0,0,0
0,0,0,0
0,0,0,0
0,0,0,0
0,0,0,0
0,0,0,0
0,0,0,0
0,0,3,3
0,0,0,0
0,0,0,0
0,0,0,0
0,0,0,0
0,0,6,6
0,0,0,0
0,0,0,0
0,0,0,0
0,0,15,15
0,0,0,0
0,0,1,1
0,0,0,0
0,0,10,10
0,0,17,17
0,0,24,24
0,0,28,28
0,0,19,19
0,0,1,1
0,0,1,1
0,0,0,0
0,0,0,0
0,0,1,1
0,0,0,0
0,0,0,0
0,0,0,0
0,0,0,0
0,0,1,1
0,0,3,3
0,0,0,0
0,0,0,0
0,0,1,1
0,0,0,0
0,0,0,0
0,0,0,0
0,0,3,3
0,0,0,0
0,0,0,0
0,0,0,0
0,0,14,14
0,0,0,0
0,0,0,0
0,0,0,0
0,0,2,2
0,0,49,49
0,0,40,40
0,0,5,5
0,0,0,0
0,0,0,0
0,0,5,5
0,0,8,8
0,0,5,5
0,0,1,1
0,0,2,2
0,0,1,1
0,0,0,0
0,0,0,0
0,0,2,2
0,0,1,1
0,0,4,4
0,0,3,3
0,0,0,0
0,0,7,7
0,0,3,3
0,0,0,0
0,0,1,1
0,0,0,0
0,0,0,0
0,0,0,0
0,0,0,0
0,0,0,0
0,0,5,5
0,0,0,0
0,0,0,0
0,0,0,0
0,0,0,0
0,0,0,0
0,0,0,0
0,0,0,0
0,0,12,12
0,0,10,10
1,0,12,100
1,0,12,54
0,0,0,0
0,0,0,0
0,0,3,3
0,0,42,42
0,0,2,2
0,0,0,0
0,0,10,10
0,0,0,0
0,0,3,3
0,0,3,3
0,0,0,0
0,0,1,1
0,0,9,9
0,0,7,7
0,0,25,25
0,0,2,2
0,0,15,15
1,0,25,64
1,0,25,53
0,0,2,2
0,0,12,12
0,0,11,11
0,0,2,2
0,0,32,32
0,0,1,1
0,0,5,5
0,0,0,0
0,0,25,25
0,0,0,0
0,0,8,8
0,0,1,1
0,0,44,44
0,0,2,2
0,0,0,0
0,0,0,0
0,0,0,0
0,0,0,0
0,0,0,0
0,0,0,0
0,0,2,2
0,0,0,0
0,0,0,0
0,0,0,0
0,0,0,0
0,0,0,0
0,0,0,0
0,0,0,0
0,0,0,0
0,0,0,0
0,0,0,0
0,0,0,0
0,0,0,0
0,0,0,0
0,0,0,0
0,0,0,0
0,0,0,0
0,0,1,1
0,0,0,0
0,0,1,1
0,0,0,0
0,0,0,0
0,0,0,0
0,0,0,0
0,0,0,0
0,0,1,1
0,0,0,0
0,0,0,0
0,0,6,6
0,0,0,0
0,0,0,0
0,0,6,6
0,0,0,0
0,0,0,0
0,0,1,1
0,0,0,0
0,0,0,0
0,0,0,0
0,0,2,2
0,0,0,0
0,0,0,0
0,0,0,0
0,0,0,0
0,0,4,4
0,0,2,2
0,0,0,0
0,0,0,0
0,0,0,0
0,0,0,0
0,0,0,0
0,0,0,0
0,0,0,0
0,0,0,0
0,0,0,0
0,0,0,0
0,0,0,0
0,0,0,0
0,0,0,0
0,0,0,0
0,0,0,0
0,0,3,3
0,0,0,0
0,0,0,0
0,0,0,0
0,0,0,0
0,0,0,0
0,0,0,0
0,0,0,0
0,0,0,0
0,0,0,0
0,0,0,0
0,0,0,0
0,0,0,0
0,0,0,0
0,0,0,0
0,0,0,0
0,0,0,0
0,0,4,4
0,0,0,0
0,0,0,0
0,0,0,0
0,0,0,0
0,0,0,0
0,0,0,0
0,0,0,0
0,0,0,0
0,0,0,0
0,0,0,0
0,0,0,0
0,0,0,0
0,0,0,0
0,0,0,0
0,0,0,0
0,0,0,0
0,0,0,0
0,0,0,0
0,0,0,0
0,0,0,0
0,0,1,1
0,0,2,2
0,0,0,0
0,0,0,0
0,0,0,0
0,0,0,0
0,0,0,0
0,0,0,0
0,0,24,24
0,0,3,3
0,0,0,0
0,0,0,0
0,0,0,0
0,0,0,0
0,0,0,0
0,0,0,0
0,0,0,0
0,0,0,0
0,0,0,0
0,0,0,0
0,0,0,0
0,0,0,0
0,0,0,0
0,0,0,0
0,0,0,0
0,0,0,0
0,0,0,0
0,0,0,0
0,0,0,0
0,0,0,0
0,0,0,0
0,0,8,8
0,0,1,1
0,0,1,1
0,0,0,0
0,0,0,0
0,0,0,0
0,0,0,0
0,0,0,0
0,0,0,0
0,0,0,0
0,0,1,1
0,0,8,8
0,0,5,5
0,0,4,4
0,0,0,0
0,0,0,0
0,0,0,0
0,0,0,0
0,0,0,0
0,0,1,1
0,0,3,3
0,0,0,0
0,0,9,9
1,0,9,69
0,0,8,8
0,0,5,5
0,0,2,2
0,0,4,4
0,0,12,12
0,0,2,2
0,0,0,0
0,0,0,0
0,0,5,5
0,0,4,4
0,0,1,1
0,0,4,4
0,0,15,15
0,0,14,14
0,0,15,15
0,0,18,18
0,0,21,21
0,0,0,0
0,0,7,7
0,0,0,0
0,0,0,0
0,0,0,0
0,0,0,0
0,0,0,0
0,0,0,0
0,0,0,0
0,0,0,0
0,0,0,0
0,0,0,0
0,0,0,0
0,0,0,0
0,0,0,0
0,0,0,0
0,0,0,0
0,0,0,0
0,0,0,0
0,0,0,0
0,0,0,0
0,0,3,3
0,0,0,0
0,0,1,1
0,0,0,0
0,0,0,0
0,0,0,0
0,0,0,0
0,0,9,9
0,0,7,7
0,0,3,3
0,0,0,0
0,0,0,0
0,0,0,0
0,0,2,2
0,0,8,8
0,0,0,0
0,0,0,0
0,0,0,0
0,0,0,0
0,0,0,0
0,0,0,0
0,0,0,0
0,0,0,0
0,0,0,0
0,0,6,6
0,0,0,0
0,0,2,2
0,0,4,4
0,0,7,7
0,0,3,3
0,0,0,0
0,0,1,1
0,0,0,0
0,0,3,3
0,0,0,0
0,0,2,2
0,0,0,0
0,0,0,0
0,0,1,1
0,0,2,2
0,0,0,0
0,0,3,3
0,0,0,0
0,0,3,3
0,0,0,0
0,0,10,10
0,0,1,1
0,0,0,0
0,0,6,6
0,0,0,0
0,0,0,0
0,0,0,0
0,0,0,0
0,0,0,0
0,0,1,1
0,0,0,0
0,0,0,0
0,0,2,2
0,0,0,0
0,0,4,4
0,0,0,0
0,0,2,2
1,0,4,192
1,0,4,88
0,0,1,1
0,0,10,10
0,0,1,1
0,0,1,1
0,0,0,0
1,0,10,68
0,0,1,1
0,0,0,0
0,0,4,4
0,0,2,2
0,0,5,5
0,0,0,0
0,0,0,0
0,0,0,0
1,0,10,88
0,0,24,24
0,0,23,23
0,0,7,7
0,0,17,17
0,0,0,0
0,0,9,9
0,0,0,0
0,0,1,1
0,0,0,0
0,0,1,1
0,0,3,3
0,0,8,8
0,0,0,0
0,0,8,8
0,0,0,0
0,0,0,0
0,0,0,0
0,0,0,0
0,0,0,0
0,0,0,0
0,0,0,0
0,0,0,0
0,0,0,0
0,0,0,0
0,0,0,0
0,0,0,0
0,0,0,0
0,0,1,1
0,0,0,0
0,0,0,0
0,0,0,0
0,0,0,0
0,0,1,1
0,0,2,2
0,0,0,0
0,0,0,0
0,0,3,3
0,0,14,14
0,0,1,1
0,0,0,0
0,0,0,0
0,0,0,0
0,0,0,0
0,0,4,4
0,0,0,0
0,0,1,1
0,0,0,0
0,0,0,0
0,0,1,1
0,0,1,1
0,0,7,7
0,0,2,2
0,0,2,2
0,0,1,1
0,0,2,2
0,0,3,3
0,0,1,1
0,0,1,1
0,0,0,0
0,0,3,3
0,0,0,0
0,0,1,1
0,0,0,0
0,0,0,0
0,0,0,0
0,0,0,0
0,0,1,1
0,0,0,0
0,0,1,1
0,0,0,0
0,0,5,5
0,0,1,1
0,0,0,0
0,0,1,1
0,0,1,1
0,0,0,0
0,0,1,1
0,0,0,0
0,0,0,0
0,0,1,1
0,0,0,0
0,0,1,1
0,0,0,0
0,0,1,1
0,0,0,0
0,0,0,0
0,0,0,0
0,0,1,1
0,0,0,0
0,0,0,0
0,0,1,1
0,0,3,3
0,0,1,1
0,0,0,0
0,0,0,0
0,0,0,0
0,0,1,1
0,0,0,0
0,0,1,1
0,0,0,0
0,0,0,0
0,0,0,0
0,0,0,0
0,0,1,1
0,0,0,0
0,0,1,1
0,0,0,0
0,0,1,1
0,0,0,0
0,0,0,0
0,0,0,0
0,0,0,0
0,0,0,0
0,0,0,0
0,0,0,0
0,0,0,0
0,0,5,5
0,0,0,0
0,0,0,0
0,0,0,0
0,0,1,1
0,0,2,2
0,0,0,0
0,0,1,1
0,0,0,0
0,0,0,0
0,0,0,0
0,0,0,0
0,0,2,2
0,0,0,0
0,0,0,0
0,0,0,0
0,0,0,0
0,0,0,0
0,0,0,0
0,0,3,3
0,0,20,20
0,0,0,0
0,0,0,0
0,0,0,0
0,0,0,0
0,0,3,3
0,0,0,0
0,0,0,0
0,0,4,4
0,0,1,1
0,0,1,1
0,0,1,1
0,0,0,0
0,0,0,0
0,0,1,1
0,0,0,0
0,0,0,0
0,0,6,6
0,0,0,0
0,0,3,3
0,0,1,1
0,0,16,16
0,0,2,2
0,0,0,0
0,0,0,0
0,0,3,3
0,0,3,3
0,0,0,0
0,0,3,3
0,0,0,0
0,0,0,0
0,0,0,0
0,0,7,7
0,0,1,1
0,0,0,0
0,0,0,0
0,0,0,0
0,0,0,0
0,0,0,0
0,0,0,0
0,0,0,0
0,0,0,0
0,0,8,8
0,0,1,1
1,0,8,90
0,0,0,0
0,0,0,0
0,0,0,0
0,0,4,4
0,0,1,1
0,0,0,0
0,0,3,3
0,0,0,0
0,0,0,0
0,0,14,14
0,0,0,0
0,0,1,1
0,0,1,1
0,0,1,1
0,0,0,0
0,0,1,1
0,0,4,4
0,0,19,19
0,0,7,7
0,0,20,20
0,0,25,25
0,0,8,8
0,0,14,14
0,0,8,8
0,0,7,7
0,0,8,8
0,0,44,44
0,0,8,8
0,0,8,8
0,0,10,10
0,0,2,2
0,0,0,0
0,0,0,0
0,0,1,1
0,0,1,1
0,0,1,1
0,0,0,0
0,0,6,6
0,0,14,14
0,0,0,0
0,0,2,2
0,0,0,0
0,0,0,0
0,0,16,16
0,0,3,3
0,0,0,0
0,0,6,6
0,0,0,0
0,0,0,0
0,0,0,0
0,0,3,3
0,0,0,0
0,0,0,0
0,0,0,0
0,0,0,0
0,0,0,0
0,0,0,0
0,0,2,2
0,0,0,0
0,0,5,5
0,0,2,2
0,0,32,32
0,0,0,0
0,0,0,0
0,0,4,4
0,0,0,0
0,0,0,0
0,0,1,1
0,0,6,6
0,0,0,0
0,0,0,0
0,0,0,0
0,0,21,21
0,0,0,0
0,0,0,0
0,0,0,0
0,0,0,0
0,0,0,0
0,0,0,0
0,0,0,0
0,0,1,1
0,0,12,12
0,0,0,0
0,0,0,0
0,0,2,2
0,0,0,0
0,0,0,0
0,0,0,0
0,0,3,3
0,0,8,8
0,0,0,0
0,0,7,7
0,0,0,0
0,0,0,0
0,0,3,3
0,0,0,0
0,0,3,3
0,0,1,1
0,0,0,0
0,0,0,0
0,0,0,0
0,0,3,3
0,0,9,9
0,0,0,0
0,0,0,0
0,0,0,0
0,0,0,0
0,0,0,0
1,0,9,121
0,0,0,0
0,0,0,0
0,0,0,0
0,0,0,0
0,0,0,0
1,0,9,99
0,0,0,0
0,0,0,0
0,0,0,0
0,0,0,0
0,0,0,0
0,0,4,4
0,0,0,0
0,0,1,1
0,0,0,0
0,0,0,0
0,0,0,0
0,0,0,0
0,0,0,0
0,0,2,2
0,0,2,2
0,0,1,1
0,0,1,1
0,0,0,0
1,0,2,175
1,0,2,307
0,0,5,5
0,0,0,0
0,0,2,2
0,0,9,9
0,0,0,0
0,0,0,0
0,0,0,0
0,0,0,0
0,0,2,2
0,0,0,0
0,0,0,0
0,0,1,1
0,0,1,1
0,0,0,0
0,0,0,0
0,0,0,0
0,0,0,0
0,0,0,0
0,0,0,0
0,0,0,0
0,0,0,0
0,0,0,0
0,0,0,0
0,0,0,0
0,0,0,0
0,0,0,0
0,0,47,47
0,0,0,0
0,0,0,0
0,0,1,1
0,0,0,0
0,0,0,0
0,0,0,0
0,0,0,0
0,0,0,0
0,0,0,0
0,0,0,0
0,0,1,1
0,0,6,6
0,0,0,0
0,0,0,0
0,0,0,0
0,0,0,0
0,0,0,0
0,0,0,0
0,0,0,0
0,0,1,1
0,0,0,0
0,0,0,0
0,0,0,0
0,0,2,2
0,0,0,0
0,0,0,0
0,0,0,0
0,0,0,0
0,0,6,6
0,0,0,0
0,0,0,0
0,0,0,0
0,0,0,0
0,0,0,0
0,0,0,0
0,0,0,0
0,0,0,0
0,0,0,0
0,0,0,0
0,0,0,0
0,0,0,0
0,0,0,0
0,0,0,0
0,0,3,3
0,0,0,0
0,0,0,0
0,0,3,3
0,0,0,0
0,0,0,0
0,0,0,0
0,0,0,0
0,0,0,0
0,0,0,0
0,0,0,0
0,0,0,0
0,0,3,3
0,0,0,0
0,0,0,0
0,0,0,0
0,0,0,0
0,0,0,0
0,0,0,0
0,0,0,0
0,0,0,0
0,0,0,0
0,0,0,0
0,0,0,0
0,0,0,0
0,0,1,1
0,0,0,0
0,0,0,0
0,0,0,0
0,0,0,0
0,0,0,0
0,0,0,0
0,0,0,0
0,0,0,0
0,0,0,0
0,0,0,0
0,0,0,0
0,0,0,0
0,0,0,0
0,0,0,0
0,0,0,0
0,0,0,0
0,0,0,0
0,0,0,0
0,0,0,0
0,0,0,0
0,0,0,0
0,0,0,0
0,0,0,0
0,0,0,0
0,0,0,0
0,0,0,0
0,0,0,0
0,0,0,0
0,0,0,0
0,0,0,0
0,0,6,6
0,0,0,0
0,0,0,0
0,0,0,0
0,0,8,8
0,0,4,4
0,0,0,0
0,0,0,0
0,0,0,0
0,0,0,0
0,0,0,0
0,0,0,0
0,0,3,3
0,0,6,6
0,0,0,0
0,0,4,4
0,0,2,2
0,0,0,0
0,0,0,0
0,0,1,1
0,0,1,1
0,0,0,0
0,0,0,0
0,0,0,0
0,0,0,0
0,0,0,0
0,0,3,3
0,0,0,0
0,0,0,0
0,0,2,2
0,0,0,0
0,0,4,4
0,0,3,3
0,0,0,0
0,0,0,0
0,0,0,0
0,0,0,0
0,0,0,0
0,0,1,1
0,0,3,3
0,0,13,13
0,0,9,9
0,0,20,20
0,0,15,15
0,0,2,2
0,0,4,4
0,0,1,1
0,0,0,0
0,0,0,0
0,0,3,3
0,0,0,0
0,0,0,0
0,0,0,0
0,0,1,1
0,0,2,2
0,0,0,0
0,0,0,0
0,0,0,0
0,0,0,0
0,0,4,4
0,0,0,0
0,0,0,0
0,0,9,9
0,0,4,4
0,0,0,0
0,0,0,0
0,0,0,0
0,0,0,0
0,0,0,0
0,0,10,10
0,0,8,8
0,0,0,0
0,0,0,0
0,0,0,0
0,0,0,0
0,0,0,0
0,0,1,1
0,0,0,0
0,0,0,0
0,0,0,0
0,0,0,0
0,0,0,0
0,0,0,0
0,0,0,0
0,0,0,0
0,0,0,0
0,0,0,0
0,0,0,0
0,0,0,0
0,0,0,0
0,0,0,0
0,0,0,0
0,0,0,0
0,0,0,0
0,0,3,3
0,0,0,0
0,0,6,6
0,0,0,0
0,0,0,0
0,0,3,3
0,0,0,0
0,0,0,0
0,0,3,3
0,0,3,3
0,0,0,0
0,0,1,1
0,0,0,0
0,0,0,0
0,0,0,0
0,0,0,0
0,0,0,0
0,0,0,0
0,0,0,0
1,0,3,83
0,0,0,0
0,0,0,0
0,0,0,0
0,0,0,0
0,0,0,0
0,0,0,0
0,0,0,0
0,0,0,0
1,0,3,111
0,0,0,0
0,0,0,0
0,0,0,0
0,0,0,0
0,0,0,0
0,0,1,1
0,0,1,1
0,0,0,0
0,0,6,6
0,0,0,0
0,0,0,0
0,0,8,8
0,0,0,0
0,0,4,4
0,0,0,0
0,0,5,5
0,0,0,0
0,0,0,0
0,0,0,0
0,0,19,19
0,0,14,14
0,0,0,0
0,0,0,0
0,0,0,0
0,0,51,51
0,0,0,0
0,0,21,21
0,0,30,30
0,0,5,5
0,0,1,1
0,0,1,1
0,0,1,1
0,0,5,5
0,0,0,0
0,0,2,2
0,0,0,0
0,0,0,0
0,0,3,3
0,0,0,0
0,0,0,0
0,0,0,0
0,0,0,0
0,0,0,0
0,0,0,0
0,0,0,0
0,0,0,0
0,0,0,0
0,0,0,0
0,0,0,0
0,0,0,0
0,0,0,0
0,0,0,0
0,0,0,0
0,0,0,0
0,0,0,0
0,0,4,4
0,0,4,4
0,0,0,0
0,0,1,1
0,0,0,0
0,0,0,0
0,0,0,0
0,0,0,0
0,0,6,6
0,0,1,1
0,0,0,0
0,0,0,0
0,0,0,0
0,0,0,0
0,0,0,0
0,0,0,0
0,0,1,1
0,0,0,0
0,0,0,0
0,0,0,0
0,0,0,0
0,0,0,0
0,0,0,0
0,0,0,0
0,0,0,0
0,0,0,0
0,0,0,0
0,0,0,0
0,0,0,0
0,0,0,0
0,0,0,0
0,0,0,0
0,0,0,0
0,0,0,0
0,0,0,0
0,0,0,0
0,0,0,0
0,0,0,0
0,0,0,0
0,0,0,0
0,0,0,0
0,0,0,0
0,0,0,0
0,0,0,0
0,0,0,0
0,0,0,0
0,0,0,0
0,0,0,0
0,0,0,0
0,0,0,0
0,0,0,0
0,0,0,0
0,0,0,0
0,0,0,0
0,0,0,0
0,0,0,0
0,0,0,0
0,0,0,0
0,0,0,0
0,0,0,0
0,0,0,0
0,0,0,0
0,0,0,0
0,0,0,0
0,0,0,0
0,0,0,0
0,0,0,0
0,0,0,0
0,0,0,0
0,0,0,0
0,0,1,1
0,0,0,0
0,0,0,0
0,0,0,0
0,0,0,0
0,0,0,0
0,0,0,0
0,0,0,0
0,0,0,0
0,0,0,0
0,0,0,0
0,0,0,0
0,0,0,0
0,0,0,0
0,0,5,5
0,0,0,0
0,0,3,3
0,0,0,0
0,0,0,0
0,0,0,0
0,0,1,1
0,0,0,0
0,0,0,0
0,0,0,0
0,0,0,0
0,0,0,0
0,0,0,0
0,0,0,0
0,0,1,1
0,0,0,0
0,0,0,0
0,0,0,0
0,0,1,1
0,0,0,0
0,0,0,0
0,0,0,0
0,0,0,0
0,0,0,0
0,0,0,0
0,0,0,0
0,0,0,0
0,0,0,0
0,0,0,0
0,0,1,1
0,0,0,0
0,0,0,0
0,0,2,2
0,0,2,2
0,0,1,1
0,0,1,1
0,0,0,0
0,0,0,0
1,0,2,86
1,0,2,74
0,0,0,0
0,0,0,0
0,0,0,0
0,0,8,8
0,0,6,6
0,0,0,0
0,0,0,0
0,0,4,4
0,0,2,2
0,0,0,0
0,0,0,0
0,0,0,0
1,0,8,172
1,0,8,60
1,0,8,60
1,0,8,60
1,0,8,59
0,0,16,16
0,0,8,8
0,0,0,0
0,0,0,0
0,0,0,0
0,0,0,0
0,0,0,0
0,0,0,0
0,0,0,0
0,0,0,0
0,0,0,0
0,0,1,1
0,0,0,0
0,0,0,0
0,0,0,0
0,0,1,1
0,0,0,0
0,0,0,0
0,0,0,0
0,0,36,36
0,0,0,0
0,0,0,0
1,0,36,113
0,0,0,0
0,0,0,0
0,0,0,0
0,0,7,7
0,0,3,3
0,0,4,4
0,0,0,0
0,0,0,0
0,0,0,0
0,0,0,0
0,0,0,0
0,0,0,0
0,0,2,2
0,0,0,0
0,0,5,5
0,0,1,1
0,0,0,0
0,0,0,0
0,0,0,0
0,0,3,3
0,0,15,15
0,0,1,1
0,0,0,0
0,0,1,1
0,0,1,1
0,0,0,0
0,0,0,0
0,0,0,0
0,0,0,0
0,0,0,0
0,0,0,0
0,0,0,0
0,0,0,0
0,0,0,0
0,0,9,9
0,0,1,1
0,0,4,4
0,0,4,4
0,0,3,3
0,0,3,3
0,0,10,10
0,0,2,2
1,0,10,74
0,0,0,0
0,0,0,0
1,0,10,72
0,0,0,0
0,0,0,0
0,0,6,6
0,0,0,0
0,0,16,16
0,0,0,0
0,0,0,0
0,0,0,0
0,0,0,0
0,0,0,0
0,0,0,0
0,0,0,0
0,0,0,0
0,0,0,0
0,0,6,6
0,0,0,0
0,0,0,0
0,0,0,0
0,0,1,1
0,0,0,0
0,0,1,1
0,0,0,0
0,0,15,15
0,0,31,31
0,0,2,2
0,0,9,9
0,0,7,7
0,0,0,0
0,0,0,0
0,0,1,1
0,0,0,0
0,0,2,2
0,0,0,0
0,0,3,3
0,0,0,0
0,0,3,3
1,0,7,86
0,0,12,12
0,0,23,23
1,0,23,63
0,0,0,0
0,0,0,0
0,0,0,0
0,0,0,0
0,0,1,1
0,0,1,1
0,0,0,0
0,0,0,0
0,0,0,0
0,0,0,0
0,0,8,8
0,0,0,0
0,0,0,0
0,0,0,0
0,0,4,4
0,0,1,1
0,0,1,1
0,0,0,0
0,0,0,0
0,0,2,2
0,0,6,6
0,0,6,6
0,0,5,5
0,0,2,2
0,0,0,0
0,0,0,0
0,0,0,0
0,0,0,0
0,0,0,0
0,0,0,0
0,0,0,0
0,0,0,0
0,0,0,0
0,0,0,0
1,0,0,79
0,0,3,3
0,0,2,2
0,0,1,1
0,0,0,0
0,0,3,3
0,0,3,3
0,0,2,2
0,0,0,0
0,0,29,29
0,0,0,0
0,0,0,0
0,0,0,0
0,0,0,0
0,0,0,0
0,0,1,1
0,0,0,0
0,0,0,0
0,0,2,2
0,0,1,1
0,0,0,0
0,0,1,1
0,0,1,1
0,0,0,0
0,0,0,0
0,0,0,0
0,0,0,0
0,0,0,0
0,0,0,0
0,0,0,0
0,0,0,0
0,0,0,0
0,0,0,0
0,0,3,3
0,0,1,1
0,0,0,0
0,0,0,0
0,0,0,0
0,0,0,0
0,0,0,0
0,0,0,0
0,0,0,0
0,0,0,0
0,0,3,3
0,0,0,0
0,0,0,0
0,0,0,0
0,0,0,0
0,0,1,1
0,0,0,0
0,0,2,2
0,0,2,2
0,0,0,0
0,0,0,0
0,0,0,0
0,0,0,0
0,0,0,0
0,0,0,0
0,0,0,0
0,0,0,0
0,0,0,0
0,0,0,0
0,0,0,0
0,0,0,0
0,0,0,0
0,0,0,0
0,0,2,2
0,0,1,1
0,0,0,0
0,0,0,0
0,0,0,0
0,0,0,0
0,0,0,0
0,0,0,0
0,0,0,0
0,0,1,1
0,0,0,0
0,0,1,1
0,0,0,0
0,0,0,0
0,0,1,1
0,0,1,1
0,0,0,0
0,0,0,0
0,0,0,0
0,0,1,1
0,0,1,1
0,0,7,7
0,0,0,0
0,0,0,0
0,0,0,0
0,0,0,0
0,0,0,0
0,0,0,0
0,0,0,0
0,0,0,0
0,0,15,15
0,0,0,0
0,0,0,0
0,0,6,6
0,0,2,2
0,0,0,0
0,0,1,1
0,0,0,0
0,0,0,0
0,0,0,0
0,0,0,0
0,0,0,0
0,0,0,0
0,0,0,0
0,0,0,0
0,0,0,0
0,0,0,0
0,0,0,0
0,0,0,0
0,0,0,0
0,0,0,0
0,0,0,0
0,0,0,0
0,0,2,2
0,0,0,0
0,0,0,0
0,0,0,0
0,0,0,0
0,0,2,2
0,0,0,0
0,0,0,0
0,0,0,0
0,0,0,0
0,0,2,2
0,0,0,0
0,0,0,0
0,0,0,0
0,0,2,2
0,0,0,0
0,0,0,0
0,0,0,0
0,0,0,0
0,0,0,0
0,0,0,0
0,0,0,0
0,0,0,0
0,0,0,0
0,0,2,2
0,0,0,0
0,0,0,0
0,0,0,0
0,0,2,2
0,0,0,0
0,0,0,0
0,0,1,1
0,0,0,0
0,0,0,0
0,0,0,0
0,0,0,0
0,0,3,3
0,0,0,0
0,0,0,0
0,0,1,1
0,0,3,3
0,0,0,0
0,0,0,0
0,0,0,0
0,0,1,1
0,0,0,0
0,0,14,14
0,0,2,2
0,0,0,0
0,0,0,0
0,0,0,0
0,0,0,0
0,0,0,0
0,0,0,0
0,0,0,0
0,0,0,0
0,0,0,0
0,0,0,0
0,0,0,0
0,0,0,0
0,0,0,0
0,0,0,0
0,0,0,0
0,0,0,0
0,0,0,0
0,0,0,0
0,0,2,2
0,0,0,0
0,0,0,0
0,0,0,0
0,0,0,0
0,0,0,0
0,0,6,6
0,0,1,1
0,0,2,2
0,0,0,0
0,0,0,0
0,0,0,0
0,0,0,0
0,0,0,0
0,0,0,0
0,0,4,4
0,0,4,4
0,0,2,2
0,0,40,40
0,0,2,2
0,0,1,1
0,0,1,1
0,0,0,0
0,0,1,1
0,0,0,0
0,0,0,0
0,0,0,0
0,0,0,0
0,0,3,3
0,0,0,0
0,0,0,0
0,0,0,0
0,0,0,0
0,0,0,0
0,0,0,0
0,0,1,1
0,0,1,1
0,0,0,0
0,0,3,3
0,0,0,0
0,0,0,0
0,0,0,0
0,0,0,0
1,0,3,60
1,0,3,191
0,0,0,0
0,0,0,0
0,0,0,0
0,0,12,12
0,0,1,1
0,0,0,0
0,0,0,0
0,0,0,0
0,0,30,30
0,0,1,1
0,0,0,0
0,0,2,2
1,0,30,160
0,0,0,0
0,0,0,0
1,0,30,71
0,0,0,0
0,0,0,0
0,0,0,0
0,0,0,0
0,0,15,15
0,0,13,13
0,0,0,0
0,0,0,0
0,0,0,0
0,0,0,0
0,0,0,0
0,0,0,0
1,0,15,138
0,0,0,0
0,0,3,3
0,0,1,1
0,0,1,1
0,0,0,0
0,0,21,21
0,0,0,0
0,0,18,18
0,0,2,2
0,0,1,1
0,0,0,0
0,0,0,0
0,0,0,0
0,0,1,1
0,0,0,0
0,0,0,0
0,0,0,0
0,0,0,0
0,0,0,0
0,0,0,0
0,0,1,1
0,0,0,0
0,0,0,0
0,0,0,0
0,0,1,1
0,0,1,1
0,0,0,0
0,0,1,1
0,0,3,3
0,0,2,2
0,0,0,0
0,0,1,1
0,0,2,2
0,0,0,0
0,0,8,8
0,0,0,0
0,0,0,0
0,0,1,1
0,0,6,6
0,0,7,7
0,0,15,15
0,0,2,2
0,0,6,6
0,0,2,2
0,0,2,2
0,0,1,1
0,0,3,3
0,0,5,5
0,0,1,1
0,0,3,3
0,0,2,2
0,0,2,2
0,0,3,3
0,0,2,2
0,0,2,2
0,0,2,2
0,0,2,2
0,0,2,2
0,0,2,2
0,0,4,4
0,0,2,2
0,0,1,1
0,0,1,1
0,0,5,5
0,0,1,1
0,0,2,2
0,0,1,1
0,0,5,5
0,0,1,1
0,0,2,2
0,0,3,3
0,0,0,0
0,0,0,0
0,0,0,0
0,0,0,0
0,0,0,0
0,0,0,0
0,0,0,0
0,0,0,0
0,0,0,0
0,0,0,0
0,0,0,0
0,0,0,0
0,0,0,0
0,0,0,0
0,0,0,0
0,0,0,0
0,0,0,0
0,0,0,0
0,0,0,0
0,0,0,0
0,0,0,0
0,0,0,0
0,0,0,0
0,0,0,0
0,0,0,0
0,0,0,0
0,0,0,0
0,0,0,0
0,0,0,0
0,0,0,0
0,0,0,0
0,0,0,0
0,0,0,0
0,0,0,0
0,0,0,0
0,0,0,0
0,0,0,0
0,0,0,0
0,0,0,0
0,0,0,0
1,0,0,99
0,0,0,0
0,0,0,0
0,0,0,0
0,0,0,0
0,0,0,0
0,0,0,0
0,0,0,0
0,0,0,0
0,0,2,2
0,0,0,0
0,0,0,0
0,0,0,0
0,0,0,0
0,0,9,9
0,0,0,0
0,0,0,0
0,0,0,0
0,0,0,0
0,0,0,0
0,0,0,0
0,0,0,0
0,0,1,1
0,0,0,0
0,0,0,0
0,0,0,0
0,0,0,0
0,0,13,13
0,0,11,11
0,0,2,2
0,0,10,10
0,0,0,0
0,0,0,0
0,0,0,0
0,0,1,1
0,0,0,0
0,0,2,2
0,0,0,0
0,0,0,0
0,0,0,0
0,0,0,0
0,0,0,0
0,0,0,0
0,0,0,0
0,0,0,0
0,0,0,0
0,0,0,0
0,0,31,31
0,0,2,2
0,0,4,4
0,0,0,0
0,0,2,2
0,0,4,4
0,0,4,4
0,0,0,0
0,0,1,1
0,0,2,2
0,0,1,1
0,0,0,0
0,0,5,5
0,0,4,4
0,0,1,1
0,0,0,0
0,0,3,3
0,0,0,0
0,0,3,3
0,0,0,0
0,0,0,0
0,0,7,7
0,0,0,0
0,0,36,36
0,0,0,0
0,0,1,1
0,0,7,7
0,0,0,0
0,0,6,6
0,0,12,12
0,0,8,8
0,0,0,0
0,0,0,0
0,0,1,1
0,0,1,1
0,0,0,0
0,0,2,2
0,0,2,2
0,0,0,0
0,0,0,0
0,0,0,0
0,0,0,0
0,0,0,0
0,0,0,0
0,0,0,0
0,0,0,0
0,0,2,2
0,0,1,1
0,0,0,0
0,0,1,1
0,0,1,1
0,0,0,0
0,0,0,0
0,0,0,0
0,0,0,0
0,0,0,0
0,0,6,6
0,0,0,0
1,0,6,65
0,0,0,0
1,0,6,65
0,0,0,0
0,0,0,0
0,0,2,2
0,0,0,0
0,0,0,0
0,0,0,0
0,0,3,3
0,0,0,0
0,0,4,4
0,0,2,2
0,0,0,0
0,0,0,0
0,0,0,0
0,0,0,0
0,0,0,0
0,0,0,0
0,0,0,0
0,0,0,0
0,0,3,3
0,0,1,1
0,0,0,0
0,0,0,0
0,0,0,0
0,0,0,0
0,0,0,0
0,0,0,0
0,0,0,0
0,0,0,0
0,0,0,0
0,0,0,0
0,0,0,0
0,0,0,0
0,0,2,2
0,0,0,0
0,0,0,0
0,0,0,0
0,0,0,0
0,0,0,0
0,0,0,0
0,0,0,0
0,0,0,0
0,0,0,0
0,0,2,2
0,0,0,0
0,0,0,0
0,0,0,0
0,0,0,0
0,0,2,2
0,0,0,0
0,0,0,0
0,0,1,1
0,0,0,0
0,0,0,0
0,0,0,0
0,0,0,0
0,0,0,0
0,0,5,5
0,0,0,0
0,0,3,3
0,0,0,0
0,0,0,0
0,0,0,0
0,0,1,1
0,0,2,2
0,0,0,0
0,0,6,6
0,0,0,0
0,0,9,9
0,0,1,1
0,0,0,0
0,0,3,3
0,0,6,6
0,0,0,0
0,0,0,0
0,0,0,0
0,0,0,0
0,0,0,0
0,0,13,13
0,0,0,0
0,0,0,0
0,0,0,0
0,0,5,5
0,0,0,0
0,0,0,0
0,0,0,0
0,0,0,0
0,0,1,1
0,0,0,0
0,0,0,0
0,0,0,0
0,0,0,0
0,0,0,0
0,0,0,0
0,0,0,0
0,0,1,1
0,0,4,4
0,0,0,0
0,0,0,0
0,0,0,0
0,0,0,0
0,0,0,0
0,0,0,0
0,0,0,0
0,0,0,0
0,0,0,0
0,0,0,0
0,0,0,0
0,0,0,0
0,0,0,0
0,0,0,0
0,0,0,0
0,0,0,0
0,0,0,0
0,0,0,0
0,0,0,0
0,0,0,0
0,0,0,0
0,0,0,0
0,0,0,0
0,0,0,0
0,0,0,0
0,0,0,0
0,0,0,0
0,0,0,0
0,0,0,0
0,0,0,0
0,0,0,0
0,0,0,0
0,0,0,0
0,0,0,0
0,0,0,0
0,0,0,0
0,0,0,0
0,0,0,0
0,0,0,0
0,0,0,0
0,0,0,0
0,0,0,0
0,0,0,0
0,0,0,0
0,0,0,0
0,0,0,0
0,0,0,0
0,0,4,4
0,0,7,7
0,0,0,0
0,0,0,0
0,0,6,6
0,0,0,0
0,0,0,0
0,0,0,0
0,0,0,0
0,0,0,0
0,0,0,0
0,0,0,0
0,0,1,1
0,0,0,0
0,0,0,0
0,0,0,0
0,0,0,0
0,0,0,0
0,0,0,0
0,0,0,0
0,0,0,0
0,0,0,0
0,0,2,2
0,0,0,0
0,0,0,0
0,0,0,0
0,0,0,0
0,0,0,0
0,0,0,0
0,0,0,0
0,0,0,0
0,0,0,0
0,0,0,0
0,0,1,1
0,0,0,0
0,0,5,5
0,0,1,1
0,0,0,0
0,0,0,0
0,0,0,0
0,0,0,0
0,0,0,0
0,0,0,0
0,0,0,0
0,0,0,0
0,0,0,0
0,0,0,0
0,0,0,0
0,0,0,0
0,0,0,0
0,0,4,4
0,0,0,0
0,0,15,15
0,0,0,0
0,0,0,0
0,0,0,0
0,0,0,0
0,0,0,0
0,0,4,4
0,0,0,0
0,0,0,0
0,0,0,0
0,0,1,1
0,0,0,0
0,0,10,10
0,0,12,12
0,0,4,4
0,0,0,0
0,0,0,0
0,0,0,0
0,0,0,0
0,0,0,0
0,0,0,0
0,0,0,0
0,0,0,0
0,0,2,2
0,0,0,0
0,0,0,0
0,0,0,0
0,0,1,1
0,0,0,0
0,0,1,1
0,0,0,0
0,0,0,0
0,0,0,0
0,0,0,0
0,0,0,0
0,0,0,0
0,0,0,0
0,0,0,0
0,0,1,1
0,0,1,1
0,0,0,0
0,0,0,0
0,0,0,0
0,0,0,0
0,0,1,1
0,0,0,0
0,0,0,0
0,0,0,0
0,0,0,0
0,0,0,0
0,0,0,0
0,0,0,0
0,0,1,1
0,0,0,0
0,0,8,8
0,0,49,49
0,0,0,0
0,0,0,0
0,0,48,48
1,0,49,78
0,0,1,1
0,0,0,0
0,0,0,0
0,0,0,0
0,0,0,0
0,0,0,0
0,0,0,0
0,0,0,0
0,0,9,9
0,0,2,2
0,0,0,0
0,0,0,0
0,0,0,0
0,0,0,0
0,0,0,0
0,0,0,0
0,0,9,9
0,0,24,24
0,0,20,20
0,0,0,0
0,0,0,0
0,0,0,0
0,0,2,2
0,0,41,41
0,0,0,0
0,0,0,0
0,0,0,0
0,0,1,1
0,0,0,0
0,0,0,0
0,0,0,0
0,0,1,1
0,0,4,4
0,0,0,0
0,0,0,0
0,0,4,4
0,0,0,0
0,0,0,0
0,0,0,0
0,0,0,0
1,0,4,105
0,0,4,4
0,0,1,1
0,0,0,0
0,0,0,0
0,0,1,1
0,0,2,2
0,0,25,25
1,0,25,56
0,0,19,19
1,0,25,178
0,0,0,0
0,0,0,0
0,0,0,0
0,0,1,1
0,0,0,0
0,0,0,0
0,0,4,4
0,0,4,4
0,0,0,0
0,0,0,0
0,0,0,0
0,0,0,0
0,0,0,0
0,0,0,0
0,0,0,0
0,0,0,0
0,0,0,0
0,0,0,0
0,0,0,0
0,0,0,0
0,0,0,0
0,0,1,1
0,0,0,0
0,0,0,0
0,0,0,0
0,0,8,8
0,0,4,4
0,0,0,0
0,0,0,0
0,0,0,0
0,0,0,0
0,0,1,1
0,0,1,1
0,0,0,0
0,0,3,3
0,0,0,0
0,0,0,0
0,0,1,1
0,0,1,1
0,0,0,0
0,0,22,22
0,0,0,0
0,0,0,0
0,0,0,0
0,0,0,0
0,0,2,2
0,0,0,0
0,0,0,0
0,0,0,0
0,0,0,0
0,0,0,0
0,0,0,0
0,0,0,0
0,0,2,2
0,0,0,0
0,0,0,0
0,0,0,0
0,0,0,0
0,0,3,3
0,0,4,4
0,0,8,8
0,0,0,0
0,0,1,1
0,0,0,0
0,0,0,0
0,0,1,1
0,0,0,0
0,0,4,4
0,0,3,3
0,0,0,0
0,0,0,0
0,0,0,0
0,0,0,0
0,0,0,0
0,0,10,10
0,0,0,0
0,0,1,1
0,0,0,0
0,0,0,0
