label,pred,smoothed,true
0,0,0,0
0,0,1,1
0,0,0,0
0,0,0,0
0,0,0,0
0,0,0,0
0,0,0,0
0,0,0,0
0,0,0,0
0,0,0,0
0,0,0,0
0,0,0,0
0,0,0,0
0,0,0,0
0,0,0,0
0,0,0,0
0,0,0,0
0,0,0,0
0,0,0,0
0,0,0,0
0,0,0,0
0,0,0,0
0,0,0,0
0,0,0,0
0,0,0,0
0,0,0,0
0,0,0,0
0,0,0,0
0,0,0,0
0,0,0,0
0,0,0,0
0,0,0,0
0,0,0,0
0,0,0,0
0,0,0,0
0,0,0,0
0,0,0,0
0,0,0,0
0,0,0,0
0,0,0,0
0,0,0,0
0,0,0,0
0,0,0,0
0,0,0,0
0,0,0,0
0,0,0,0
0,0,0,0
0,0,0,0
0,0,0,0
0,0,0,0
0,0,0,0
0,0,0,0
0,0,0,0
0,0,0,0
0,0,0,0
0,0,0,0
0,0,0,0
0,0,0,0
0,0,0,0
0,0,0,0
0,0,0,0
0,0,0,0
0,0,0,0
0,0,0,0
0,0,0,0
0,0,0,0
0,0,0,0
0,0,0,0
0,0,0,0
0,0,0,0
0,0,0,0
0,0,0,0
0,0,0,0
0,0,0,0
0,0,0,0
0,0,0,0
0,0,0,0
0,0,0,0
0,0,0,0
0,0,0,0
0,0,0,0
0,0,0,0
0,0,2,2
0,0,0,0
0,0,0,0
0,0,1,1
0,0,0,0
0,0,0,0
0,0,1,1
0,0,1,1
0,0,0,0
0,0,1,1
0,0,1,1
0,0,0,0
0,0,0,0
0,0,0,0
0,0,0,0
0,0,0,0
0,0,0,0
0,0,0,0
0,0,3,3
0,0,0,0
0,0,0,0
0,0,0,0
0,0,0,0
0,0,0,0
0,0,1,1
0,0,0,0
0,0,0,0
0,0,0,0
0,0,0,0
0,0,1,1
0,0,2,2
1,0,2,9
0,0,0,0
0,0,1,1
0,0,0,0
0,0,0,0
0,0,0,0
0,0,0,0
0,0,3,3
0,0,4,4
0,0,2,2
0,0,0,0
0,0,0,0
0,0,0,0
1,0,4,7
1,0,4,9
0,0,1,1
0,0,1,1
0,0,1,1
0,0,0,0
0,0,0,0
0,0,4,4
0,0,0,0
0,0,0,0
0,0,0,0
0,0,0,0
0,0,1,1
0,0,0,0
0,0,0,0
0,0,0,0
0,0,0,0
0,0,0,0
0,0,2,2
0,0,0,0
0,0,0,0
0,0,0,0
0,0,2,2
0,0,0,0
0,0,4,4
0,0,2,2
0,0,1,1
0,0,2,2
0,0,0,0
0,0,1,1
0,0,2,2
0,0,0,0
0,0,0,0
0,0,1,1
0,0,1,1
0,0,0,0
0,0,0,0
0,0,0,0
0,0,1,1
0,0,1,1
0,0,1,1
0,0,0,0
0,0,4,4
0,0,2,2
0,0,1,1
0,0,5,5
0,0,1,1
0,0,0,0
0,0,3,3
0,0,0,0
0,0,2,2
0,0,0,0
1,0,5,6
0,0,0,0
0,0,0,0
0,0,0,0
0,0,0,0
0,0,1,1
0,0,0,0
0,0,1,1
0,0,1,1
0,0,0,0
0,0,0,0
0,0,1,1
0,0,1,1
0,0,3,3
0,0,2,2
0,0,0,0
0,0,0,0
0,0,1,1
0,0,0,0
0,0,1,1
0,0,1,1
0,0,0,0
0,0,0,0
0,0,0,0
0,0,0,0
0,0,1,1
0,0,0,0
0,0,0,0
0,0,0,0
0,0,0,0
0,0,0,0
0,0,1,1
0,0,0,0
0,0,0,0
0,0,0,0
0,0,0,0
0,0,1,1
0,0,0,0
0,0,0,0
0,0,0,0
0,0,0,0
0,0,0,0
0,0,0,0
0,0,0,0
0,0,2,2
0,0,0,0
0,0,1,1
0,0,0,0
0,0,0,0
0,0,0,0
0,0,0,0
0,0,0,0
1,0,2,10
0,0,3,3
0,0,4,4
0,0,0,0
0,0,1,1
0,0,0,0
0,0,0,0
0,0,0,0
0,0,0,0
0,0,0,0
0,0,0,0
0,0,3,3
0,0,0,0
0,0,0,0
0,0,0,0
0,0,0,0
0,0,2,2
0,0,0,0
0,0,2,2
0,0,1,1
0,0,0,0
0,0,0,0
0,0,0,0
0,0,0,0
0,0,0,0
0,0,1,1
0,0,4,4
0,0,0,0
0,0,1,1
0,0,0,0
0,0,0,0
0,0,0,0
0,0,1,1
0,0,0,0
0,0,0,0
0,0,2,2
0,0,0,0
0,0,0,0
0,0,2,2
0,0,3,3
0,0,0,0
0,0,0,0
0,0,0,0
0,0,3,3
0,0,1,1
0,0,0,0
0,0,0,0
0,0,0,0
0,0,0,0
0,0,0,0
0,0,0,0
0,0,0,0
0,0,0,0
0,0,0,0
0,0,0,0
0,0,3,3
1,0,3,7
0,0,0,0
0,0,0,0
0,0,0,0
0,0,0,0
0,0,4,4
0,0,0,0
0,0,0,0
0,0,0,0
0,0,0,0
0,0,0,0
0,0,0,0
0,0,0,0
0,0,0,0
0,0,0,0
0,0,0,0
0,0,0,0
0,0,0,0
0,0,0,0
0,0,0,0
0,0,0,0
0,0,0,0
0,0,0,0
0,0,0,0
0,0,0,0
0,0,0,0
0,0,0,0
0,0,0,0
0,0,0,0
0,0,0,0
0,0,0,0
0,0,0,0
0,0,0,0
0,0,0,0
0,0,0,0
0,0,0,0
0,0,0,0
0,0,0,0
0,0,0,0
0,0,0,0
0,0,0,0
0,0,0,0
0,0,0,0
0,0,0,0
0,0,0,0
0,0,0,0
0,0,0,0
0,0,0,0
0,0,0,0
0,0,0,0
0,0,0,0
0,0,0,0
0,0,0,0
0,0,0,0
0,0,0,0
0,0,0,0
0,0,0,0
0,0,0,0
0,0,0,0
0,0,0,0
0,0,0,0
0,0,0,0
0,0,0,0
0,0,0,0
0,0,0,0
0,0,0,0
0,0,0,0
0,0,0,0
0,0,0,0
0,0,0,0
0,0,0,0
0,0,0,0
0,0,0,0
0,0,0,0
0,0,0,0
0,0,0,0
0,0,0,0
0,0,0,0
0,0,0,0
0,0,0,0
0,0,0,0
0,0,0,0
0,0,0,0
0,0,0,0
0,0,2,2
0,0,0,0
0,0,0,0
0,0,0,0
0,0,0,0
0,0,0,0
0,0,0,0
0,0,0,0
0,0,0,0
0,0,0,0
0,0,0,0
0,0,0,0
0,0,0,0
0,0,0,0
0,0,0,0
0,0,0,0
0,0,0,0
0,0,0,0
0,0,0,0
0,0,3,3
0,0,0,0
0,0,0,0
0,0,1,1
0,0,0,0
0,0,1,1
0,0,0,0
0,0,0,0
0,0,1,1
0,0,0,0
0,0,0,0
0,0,0,0
0,0,2,2
0,0,2,2
0,0,1,1
0,0,4,4
0,0,0,0
0,0,1,1
0,0,0,0
0,0,0,0
0,0,0,0
0,0,4,4
0,0,0,0
1,0,4,6
0,0,0,0
0,0,1,1
0,0,1,1
0,0,1,1
0,0,5,5
0,0,0,0
0,0,1,1
0,0,2,2
0,0,0,0
0,0,0,0
0,0,0,0
0,0,0,0
0,0,5,5
0,0,3,3
0,0,2,2
0,0,2,2
0,0,4,4
0,0,0,0
0,0,0,0
0,0,5,5
0,0,0,0
0,0,0,0
0,0,0,0
0,0,0,0
0,0,0,0
0,0,0,0
0,0,5,5
0,0,2,2
0,0,0,0
0,0,0,0
0,0,2,2
0,0,2,2
0,0,0,0
0,0,0,0
0,0,3,3
0,0,0,0
0,0,2,2
0,0,4,4
0,0,2,2
0,0,1,1
0,0,0,0
0,0,0,0
0,0,0,0
0,0,3,3
0,0,3,3
0,0,0,0
0,0,0,0
0,0,0,0
0,0,0,0
0,0,0,0
0,0,0,0
0,0,0,0
0,0,0,0
0,0,1,1
0,0,0,0
0,0,0,0
0,0,1,1
0,0,0,0
0,0,0,0
0,0,0,0
0,0,0,0
0,0,1,1
0,0,1,1
0,0,0,0
0,0,1,1
0,0,0,0
0,0,3,3
0,0,0,0
0,0,1,1
0,0,0,0
0,0,0,0
0,0,0,0
0,0,0,0
0,0,0,0
0,0,3,3
0,0,0,0
0,0,0,0
0,0,0,0
0,0,0,0
0,0,3,3
0,0,0,0
0,0,0,0
0,0,0,0
0,0,2,2
0,0,0,0
0,0,2,2
0,0,0,0
0,0,1,1
0,0,0,0
0,0,0,0
0,0,3,3
0,0,0,0
0,0,0,0
0,0,2,2
0,0,0,0
0,0,3,3
0,0,0,0
0,0,4,4
0,0,1,1
0,0,2,2
0,0,0,0
0,0,3,3
0,0,0,0
0,0,0,0
0,0,0,0
0,0,0,0
0,0,0,0
0,0,0,0
0,0,0,0
0,0,0,0
0,0,0,0
0,0,2,2
1,0,2,10
1,0,2,6
0,0,0,0
0,0,0,0
0,0,0,0
0,0,1,1
0,0,0,0
0,0,1,1
0,0,0,0
0,0,0,0
0,0,0,0
0,0,0,0
0,0,0,0
0,0,0,0
0,0,0,0
0,0,0,0
0,0,0,0
0,0,0,0
0,0,0,0
0,0,0,0
0,0,0,0
0,0,0,0
0,0,0,0
0,0,2,2
0,0,1,1
0,0,0,0
0,0,0,0
0,0,1,1
0,0,0,0
0,0,0,0
0,0,0,0
0,0,0,0
0,0,0,0
0,0,2,2
0,0,0,0
0,0,3,3
0,0,0,0
0,0,0,0
0,0,0,0
0,0,0,0
0,0,0,0
0,0,0,0
0,0,0,0
0,0,0,0
0,0,0,0
0,0,0,0
0,0,0,0
0,0,0,0
0,0,0,0
0,0,0,0
0,0,0,0
0,0,1,1
0,0,0,0
0,0,0,0
0,0,0,0
0,0,0,0
0,0,0,0
0,0,0,0
0,0,0,0
0,0,0,0
0,0,0,0
0,0,0,0
0,0,0,0
0,0,0,0
0,0,0,0
0,0,0,0
0,0,0,0
0,0,1,1
0,0,0,0
0,0,0,0
0,0,0,0
0,0,0,0
0,0,0,0
0,0,0,0
0,0,0,0
0,0,0,0
0,0,0,0
0,0,0,0
0,0,0,0
0,0,0,0
0,0,0,0
0,0,0,0
0,0,0,0
0,0,0,0
0,0,0,0
0,0,0,0
0,0,0,0
0,0,0,0
0,0,0,0
0,0,0,0
0,0,0,0
0,0,0,0
0,0,0,0
0,0,0,0
0,0,0,0
0,0,0,0
0,0,0,0
0,0,0,0
0,0,0,0
0,0,0,0
0,0,0,0
0,0,0,0
0,0,0,0
0,0,0,0
0,0,0,0
0,0,0,0
0,0,0,0
0,0,0,0
0,0,0,0
0,0,0,0
0,0,0,0
0,0,0,0
0,0,0,0
0,0,0,0
0,0,0,0
0,0,0,0
0,0,0,0
0,0,0,0
0,0,0,0
0,0,0,0
0,0,0,0
0,0,0,0
0,0,0,0
0,0,0,0
0,0,0,0
0,0,0,0
0,0,0,0
0,0,0,0
0,0,0,0
0,0,0,0
0,0,0,0
0,0,0,0
0,0,0,0
0,0,0,0
0,0,0,0
0,0,0,0
0,0,0,0
0,0,0,0
0,0,0,0
0,0,0,0
0,0,0,0
0,0,0,0
0,0,0,0
0,0,0,0
0,0,0,0
0,0,0,0
0,0,0,0
0,0,0,0
0,0,0,0
0,0,0,0
0,0,0,0
0,0,1,1
0,0,0,0
0,0,0,0
0,0,0,0
0,0,2,2
0,0,0,0
0,0,0,0
0,0,0,0
0,0,1,1
0,0,0,0
0,0,0,0
0,0,3,3
0,0,0,0
0,0,0,0
0,0,0,0
0,0,0,0
0,0,0,0
0,0,0,0
0,0,0,0
0,0,3,3
0,0,0,0
0,0,1,1
0,0,0,0
0,0,4,4
0,0,0,0
0,0,5,5
0,0,1,1
0,0,1,1
0,0,0,0
0,0,0,0
0,0,1,1
0,0,0,0
0,0,2,2
0,0,0,0
0,0,1,1
0,0,3,3
0,0,0,0
0,0,1,1
0,0,1,1
0,0,0,0
0,0,0,0
0,0,0,0
0,0,0,0
0,0,1,1
0,0,0,0
1,0,3,12
0,0,3,3
0,0,1,1
0,0,0,0
0,0,0,0
0,0,0,0
0,0,0,0
0,0,1,1
0,0,3,3
0,0,1,1
0,0,0,0
0,0,2,2
0,0,0,0
0,0,4,4
0,0,0,0
0,0,0,0
0,0,0,0
0,0,0,0
0,0,0,0
0,0,1,1
0,0,0,0
0,0,0,0
0,0,1,1
0,0,1,1
0,0,2,2
0,0,0,0
0,0,0,0
0,0,0,0
0,0,1,1
0,0,0,0
0,0,0,0
0,0,0,0
0,0,0,0
0,0,1,1
0,0,1,1
0,0,0,0
0,0,1,1
0,0,0,0
0,0,1,1
0,0,2,2
0,0,0,0
0,0,0,0
1,0,2,9
0,0,1,1
0,0,0,0
0,0,0,0
0,0,1,1
0,0,0,0
0,0,0,0
0,0,0,0
0,0,1,1
0,0,0,0
0,0,3,3
0,0,1,1
0,0,3,3
0,0,1,1
0,0,1,1
0,0,0,0
0,0,0,0
0,0,0,0
0,0,0,0
0,0,0,0
0,0,0,0
1,0,3,6
0,0,1,1
0,0,0,0
0,0,0,0
0,0,1,1
0,0,3,3
0,0,1,1
0,0,1,1
0,0,0,0
0,0,0,0
0,0,1,1
0,0,0,0
0,0,0,0
0,0,1,1
0,0,0,0
0,0,0,0
0,0,0,0
0,0,0,0
0,0,2,2
0,0,1,1
0,0,0,0
0,0,1,1
0,0,0,0
0,0,0,0
0,0,0,0
0,0,1,1
0,0,0,0
0,0,0,0
0,0,0,0
0,0,1,1
0,0,0,0
0,0,0,0
0,0,0,0
0,0,0,0
0,0,0,0
0,0,0,0
0,0,0,0
0,0,0,0
0,0,0,0
0,0,1,1
0,0,0,0
0,0,3,3
0,0,1,1
0,0,0,0
0,0,0,0
0,0,0,0
0,0,0,0
0,0,0,0
0,0,0,0
0,0,0,0
0,0,0,0
0,0,0,0
0,0,2,2
0,0,0,0
0,0,0,0
0,0,0,0
0,0,1,1
0,0,0,0
0,0,3,3
0,0,1,1
0,0,0,0
0,0,1,1
0,0,0,0
0,0,0,0
0,0,0,0
0,0,0,0
0,0,0,0
0,0,0,0
0,0,0,0
0,0,0,0
0,0,0,0
0,0,0,0
0,0,0,0
0,0,0,0
0,0,0,0
0,0,0,0
0,0,0,0
0,0,0,0
0,0,0,0
0,0,0,0
0,0,0,0
0,0,0,0
0,0,0,0
0,0,0,0
0,0,0,0
0,0,0,0
0,0,0,0
0,0,0,0
0,0,0,0
0,0,0,0
0,0,0,0
0,0,0,0
0,0,0,0
0,0,0,0
0,0,0,0
0,0,0,0
0,0,0,0
0,0,0,0
0,0,0,0
0,0,0,0
0,0,0,0
0,0,0,0
0,0,0,0
0,0,0,0
0,0,0,0
0,0,0,0
0,0,0,0
0,0,0,0
0,0,0,0
0,0,0,0
0,0,0,0
0,0,0,0
0,0,0,0
0,0,0,0
0,0,0,0
0,0,0,0
0,0,0,0
0,0,0,0
0,0,0,0
0,0,0,0
0,0,0,0
0,0,0,0
0,0,0,0
0,0,0,0
0,0,0,0
0,0,0,0
0,0,0,0
0,0,0,0
0,0,0,0
0,0,0,0
0,0,0,0
0,0,0,0
0,0,0,0
0,0,0,0
0,0,0,0
0,0,0,0
0,0,0,0
0,0,0,0
0,0,0,0
0,0,0,0
0,0,0,0
0,0,0,0
0,0,0,0
0,0,0,0
0,0,0,0
0,0,0,0
0,0,0,0
0,0,0,0
0,0,0,0
0,0,0,0
0,0,0,0
0,0,0,0
0,0,0,0
0,0,0,0
0,0,0,0
0,0,0,0
0,0,0,0
0,0,0,0
0,0,0,0
0,0,0,0
0,0,0,0
0,0,1,1
0,0,0,0
0,0,0,0
0,0,0,0
0,0,0,0
0,0,0,0
0,0,0,0
0,0,0,0
0,0,1,1
0,0,0,0
0,0,1,1
0,0,0,0
0,0,2,2
0,0,1,1
0,0,0,0
0,0,0,0
0,0,0,0
0,0,0,0
0,0,0,0
0,0,0,0
0,0,0,0
0,0,0,0
0,0,1,1
0,0,0,0
0,0,0,0
0,0,0,0
0,0,2,2
0,0,0,0
0,0,0,0
0,0,3,3
0,0,0,0
0,0,0,0
0,0,1,1
0,0,4,4
0,0,0,0
0,0,0,0
0,0,3,3
0,0,0,0
0,0,3,3
0,0,0,0
0,0,0,0
0,0,0,0
0,0,0,0
0,0,1,1
0,0,3,3
0,0,1,1
0,0,4,4
0,0,0,0
0,0,0,0
0,0,2,2
0,0,0,0
0,0,0,0
0,0,1,1
0,0,5,5
0,0,3,3
0,0,0,0
0,0,0,0
0,0,3,3
0,0,0,0
0,0,0,0
0,0,0,0
0,0,0,0
0,0,1,1
0,0,1,1
0,0,0,0
0,0,2,2
0,0,0,0
0,0,0,0
0,0,0,0
0,0,0,0
0,0,0,0
0,0,1,1
0,0,1,1
0,0,0,0
0,0,0,0
0,0,0,0
0,0,0,0
0,0,0,0
0,0,0,0
0,0,3,3
0,0,5,5
0,0,0,0
0,0,1,1
0,0,0,0
0,0,2,2
0,0,0,0
0,0,0,0
0,0,0,0
0,0,0,0
0,0,0,0
0,0,0,0
0,0,0,0
0,0,2,2
0,0,0,0
0,0,1,1
0,0,0,0
0,0,0,0
0,0,1,1
0,0,0,0
0,0,0,0
0,0,0,0
0,0,0,0
0,0,0,0
0,0,4,4
0,0,4,4
0,0,3,3
0,0,0,0
0,0,0,0
0,0,2,2
0,0,3,3
0,0,4,4
0,0,1,1
0,0,0,0
0,0,0,0
0,0,0,0
0,0,0,0
0,0,0,0
0,0,1,1
0,0,0,0
0,0,0,0
0,0,0,0
0,0,3,3
0,0,1,1
0,0,3,3
0,0,0,0
0,0,1,1
0,0,0,0
0,0,0,0
0,0,3,3
0,0,0,0
0,0,1,1
0,0,1,1
0,0,1,1
0,0,0,0
0,0,0,0
0,0,0,0
0,0,0,0
0,0,0,0
0,0,1,1
0,0,1,1
0,0,2,2
0,0,2,2
0,0,0,0
0,0,0,0
0,0,0,0
1,0,2,7
0,0,0,0
0,0,0,0
0,0,0,0
0,0,2,2
0,0,0,0
0,0,0,0
0,0,2,2
0,0,0,0
0,0,0,0
0,0,1,1
0,0,1,1
0,0,1,1
0,0,1,1
0,0,0,0
0,0,3,3
0,0,1,1
0,0,0,0
0,0,0,0
0,0,1,1
0,0,0,0
0,0,1,1
0,0,0,0
0,0,0,0
0,0,0,0
0,0,0,0
0,0,1,1
0,0,1,1
0,0,1,1
0,0,0,0
0,0,5,5
0,0,2,2
0,0,0,0
0,0,0,0
0,0,2,2
0,0,5,5
0,0,0,0
0,0,2,2
0,0,0,0
0,0,3,3
0,0,0,0
0,0,0,0
0,0,0,0
0,0,0,0
0,0,0,0
0,0,0,0
0,0,0,0
0,0,1,1
0,0,0,0
0,0,0,0
0,0,0,0
0,0,2,2
0,0,0,0
0,0,1,1
0,0,0,0
0,0,0,0
0,0,0,0
0,0,0,0
0,0,0,0
0,0,0,0
0,0,0,0
0,0,2,2
0,0,1,1
0,0,0,0
0,0,1,1
0,0,0,0
0,0,5,5
0,0,0,0
0,0,0,0
0,0,0,0
0,0,0,0
0,0,0,0
0,0,0,0
0,0,0,0
0,0,0,0
0,0,0,0
0,0,0,0
0,0,0,0
0,0,0,0
0,0,0,0
0,0,0,0
0,0,0,0
0,0,0,0
0,0,0,0
0,0,0,0
0,0,0,0
0,0,0,0
0,0,0,0
0,0,0,0
0,0,0,0
0,0,0,0
0,0,0,0
0,0,0,0
0,0,0,0
0,0,0,0
0,0,0,0
0,0,0,0
0,0,0,0
0,0,0,0
0,0,0,0
0,0,0,0
0,0,0,0
0,0,0,0
0,0,0,0
0,0,0,0
0,0,0,0
0,0,0,0
0,0,0,0
0,0,0,0
0,0,0,0
0,0,0,0
0,0,0,0
0,0,0,0
0,0,0,0
0,0,0,0
0,0,0,0
0,0,0,0
0,0,0,0
0,0,0,0
0,0,0,0
0,0,0,0
0,0,0,0
0,0,0,0
0,0,0,0
0,0,0,0
0,0,0,0
0,0,0,0
0,0,0,0
0,0,0,0
0,0,0,0
0,0,0,0
0,0,0,0
0,0,0,0
0,0,0,0
0,0,0,0
0,0,0,0
0,0,0,0
0,0,0,0
0,0,0,0
0,0,0,0
0,0,0,0
0,0,0,0
0,0,0,0
0,0,0,0
0,0,0,0
0,0,0,0
0,0,0,0
0,0,0,0
0,0,0,0
0,0,0,0
0,0,0,0
0,0,0,0
0,0,0,0
0,0,1,1
0,0,0,0
0,0,2,2
0,0,0,0
0,0,0,0
0,0,0,0
0,0,0,0
0,0,0,0
0,0,0,0
0,0,0,0
0,0,0,0
0,0,0,0
0,0,0,0
0,0,0,0
0,0,0,0
0,0,1,1
0,0,2,2
0,0,0,0
0,0,0,0
0,0,2,2
0,0,0,0
0,0,0,0
0,0,0,0
0,0,0,0
0,0,1,1
0,0,1,1
0,0,0,0
0,0,0,0
0,0,0,0
0,0,0,0
0,0,1,1
0,0,0,0
0,0,0,0
0,0,1,1
0,0,2,2
1,0,2,10
0,0,0,0
0,0,0,0
0,0,1,1
0,0,0,0
0,0,0,0
0,0,0,0
0,0,2,2
0,0,0,0
0,0,0,0
0,0,2,2
0,0,1,1
0,0,2,2
0,0,0,0
0,0,2,2
0,0,0,0
0,0,2,2
0,0,1,1
0,0,0,0
0,0,0,0
0,0,0,0
0,0,0,0
0,0,0,0
0,0,1,1
0,0,3,3
1,0,3,6
0,0,0,0
0,0,0,0
0,0,3,3
0,0,0,0
0,0,1,1
0,0,0,0
0,0,0,0
0,0,0,0
0,0,4,4
0,0,2,2
0,0,0,0
0,0,0,0
0,0,0,0
0,0,0,0
0,0,0,0
0,0,0,0
0,0,1,1
0,0,2,2
0,0,0,0
0,0,4,4
0,0,2,2
0,0,1,1
0,0,0,0
0,0,0,0
0,0,0,0
0,0,0,0
0,0,0,0
0,0,1,1
0,0,0,0
0,0,0,0
0,0,0,0
0,0,0,0
0,0,1,1
0,0,0,0
0,0,0,0
0,0,0,0
0,0,0,0
0,0,0,0
0,0,0,0
0,0,1,1
0,0,1,1
0,0,0,0
0,0,0,0
0,0,0,0
0,0,0,0
0,0,0,0
0,0,0,0
0,0,0,0
0,0,0,0
0,0,0,0
0,0,0,0
0,0,0,0
0,0,0,0
0,0,2,2
0,0,1,1
0,0,3,3
0,0,2,2
1,0,3,7
0,0,0,0
0,0,0,0
0,0,4,4
0,0,0,0
0,0,3,3
0,0,0,0
1,0,4,11
0,0,4,4
1,0,4,6
0,0,0,0
0,0,0,0
0,0,0,0
0,0,0,0
0,0,3,3
0,0,1,1
0,0,1,1
0,0,1,1
0,0,0,0
0,0,0,0
0,0,0,0
0,0,0,0
0,0,0,0
0,0,1,1
0,0,0,0
0,0,0,0
0,0,0,0
0,0,0,0
0,0,0,0
0,0,1,1
0,0,2,2
0,0,1,1
0,0,2,2
0,0,0,0
0,0,0,0
0,0,0,0
0,0,1,1
0,0,2,2
0,0,2,2
0,0,0,0
0,0,1,1
0,0,2,2
0,0,4,4
0,0,0,0
0,0,2,2
0,0,5,5
0,0,3,3
0,0,0,0
0,0,2,2
0,0,4,4
0,0,0,0
0,0,2,2
0,0,3,3
1,0,5,8
0,0,1,1
1,0,5,9
0,0,1,1
0,0,0,0
0,0,0,0
0,0,0,0
0,0,0,0
0,0,0,0
0,0,0,0
0,0,0,0
0,0,1,1
0,0,0,0
0,0,0,0
0,0,0,0
0,0,0,0
0,0,1,1
0,0,0,0
0,0,0,0
0,0,0,0
0,0,0,0
0,0,0,0
0,0,0,0
0,0,1,1
0,0,0,0
0,0,0,0
0,0,0,0
0,0,0,0
0,0,0,0
0,0,1,1
0,0,1,1
0,0,0,0
0,0,2,2
0,0,0,0
0,0,0,0
0,0,0,0
0,0,0,0
0,0,0,0
0,0,0,0
0,0,0,0
0,0,0,0
0,0,0,0
0,0,0,0
0,0,0,0
0,0,2,2
0,0,0,0
0,0,0,0
0,0,0,0
0,0,0,0
0,0,0,0
0,0,0,0
0,0,0,0
0,0,0,0
0,0,0,0
0,0,0,0
0,0,0,0
0,0,0,0
0,0,1,1
0,0,0,0
0,0,0,0
0,0,0,0
0,0,0,0
0,0,0,0
0,0,0,0
0,0,0,0
0,0,0,0
0,0,0,0
0,0,0,0
0,0,0,0
0,0,0,0
0,0,0,0
0,0,0,0
0,0,0,0
0,0,0,0
0,0,0,0
0,0,0,0
0,0,0,0
0,0,0,0
0,0,0,0
0,0,0,0
0,0,0,0
0,0,0,0
0,0,0,0
0,0,0,0
0,0,0,0
0,0,0,0
0,0,0,0
0,0,0,0
0,0,0,0
0,0,0,0
0,0,0,0
0,0,0,0
0,0,0,0
0,0,0,0
0,0,0,0
0,0,0,0
0,0,0,0
1,0,0,7
0,0,0,0
0,0,0,0
0,0,0,0
0,0,0,0
0,0,0,0
0,0,0,0
0,0,0,0
0,0,0,0
0,0,0,0
0,0,0,0
0,0,0,0
0,0,0,0
0,0,1,1
0,0,0,0
0,0,0,0
0,0,0,0
0,0,0,0
0,0,0,0
0,0,0,0
0,0,1,1
0,0,1,1
0,0,0,0
0,0,0,0
0,0,0,0
0,0,0,0
0,0,0,0
0,0,0,0
0,0,1,1
0,0,0,0
0,0,0,0
0,0,0,0
0,0,0,0
0,0,0,0
0,0,1,1
0,0,0,0
0,0,0,0
0,0,0,0
0,0,0,0
0,0,0,0
0,0,2,2
0,0,0,0
0,0,0,0
0,0,0,0
0,0,1,1
0,0,0,0
0,0,0,0
0,0,0,0
0,0,1,1
0,0,2,2
0,0,0,0
0,0,3,3
0,0,0,0
0,0,0,0
0,0,0,0
0,0,0,0
0,0,0,0
0,0,0,0
0,0,0,0
0,0,3,3
1,0,3,8
0,0,0,0
0,0,0,0
0,0,0,0
0,0,0,0
0,0,0,0
0,0,0,0
0,0,2,2
0,0,0,0
0,0,3,3
0,0,0,0
0,0,1,1
0,0,0,0
0,0,0,0
0,0,1,1
0,0,1,1
0,0,0,0
0,0,0,0
0,0,3,3
0,0,4,4
0,0,1,1
0,0,0,0
0,0,0,0
0,0,2,2
1,0,4,14
0,0,1,1
0,0,0,0
0,0,1,1
0,0,1,1
0,0,5,5
0,0,0,0
0,0,0,0
0,0,0,0
0,0,3,3
0,0,0,0
0,0,1,1
0,0,2,2
0,0,0,0
0,0,0,0
0,0,0,0
0,0,0,0
0,0,1,1
0,0,1,1
0,0,0,0
0,0,0,0
0,0,0,0
0,0,1,1
0,0,0,0
0,0,0,0
0,0,0,0
0,0,1,1
0,0,1,1
0,0,0,0
0,0,0,0
0,0,3,3
0,0,1,1
0,0,0,0
0,0,5,5
0,0,0,0
0,0,0,0
0,0,0,0
0,0,0,0
0,0,2,2
0,0,0,0
0,0,1,1
0,0,0,0
0,0,0,0
0,0,0,0
0,0,0,0
0,0,0,0
0,0,1,1
0,0,0,0
0,0,0,0
0,0,1,1
0,0,1,1
0,0,2,2
0,0,0,0
0,0,0,0
0,0,5,5
0,0,1,1
0,0,0,0
0,0,0,0
0,0,0,0
0,0,0,0
0,0,0,0
0,0,0,0
0,0,2,2
0,0,0,0
0,0,0,0
0,0,0,0
0,0,0,0
0,0,0,0
0,0,0,0
0,0,1,1
0,0,0,0
0,0,0,0
0,0,0,0
0,0,3,3
0,0,0,0
0,0,1,1
0,0,1,1
0,0,1,1
0,0,0,0
0,0,0,0
0,0,1,1
0,0,0,0
0,0,0,0
0,0,0,0
0,0,0,0
0,0,1,1
0,0,0,0
1,0,1,6
0,0,0,0
0,0,3,3
0,0,0,0
0,0,1,1
0,0,0,0
0,0,0,0
0,0,0,0
0,0,0,0
0,0,0,0
0,0,2,2
0,0,0,0
0,0,0,0
0,0,0,0
0,0,1,1
0,0,0,0
0,0,0,0
0,0,1,1
0,0,0,0
0,0,4,4
0,0,5,5
0,0,0,0
0,0,1,1
0,0,2,2
0,0,0,0
0,0,0,0
0,0,2,2
0,0,0,0
0,0,0,0
0,0,1,1
0,0,0,0
0,0,2,2
0,0,0,0
0,0,1,1
0,0,0,0
0,0,0,0
0,0,1,1
0,0,1,1
0,0,0,0
0,0,2,2
0,0,0,0
0,0,0,0
0,0,0,0
0,0,0,0
0,0,0,0
0,0,0,0
0,0,0,0
0,0,0,0
0,0,0,0
0,0,0,0
0,0,0,0
0,0,0,0
0,0,1,1
0,0,0,0
0,0,0,0
0,0,2,2
0,0,0,0
0,0,1,1
0,0,0,0
0,0,0,0
0,0,1,1
0,0,0,0
0,0,0,0
0,0,1,1
0,0,0,0
0,0,0,0
0,0,0,0
0,0,0,0
0,0,0,0
0,0,1,1
0,0,0,0
0,0,0,0
0,0,0,0
0,0,2,2
0,0,0,0
0,0,0,0
0,0,0,0
0,0,0,0
0,0,0,0
0,0,0,0
0,0,0,0
0,0,0,0
0,0,0,0
0,0,0,0
0,0,0,0
0,0,0,0
0,0,0,0
0,0,0,0
0,0,0,0
0,0,0,0
0,0,0,0
0,0,0,0
0,0,3,3
0,0,0,0
0,0,0,0
0,0,0,0
0,0,0,0
0,0,0,0
0,0,0,0
0,0,0,0
0,0,0,0
0,0,0,0
0,0,0,0
0,0,0,0
0,0,0,0
0,0,0,0
0,0,2,2
0,0,0,0
0,0,0,0
0,0,0,0
0,0,0,0
0,0,0,0
0,0,0,0
0,0,0,0
0,0,0,0
0,0,0,0
0,0,0,0
0,0,0,0
0,0,0,0
0,0,0,0
0,0,0,0
0,0,0,0
0,0,0,0
0,0,1,1
0,0,1,1
0,0,0,0
0,0,1,1
0,0,0,0
0,0,0,0
0,0,1,1
1,0,1,8
1,0,1,19
0,0,1,1
0,0,1,1
0,0,4,4
1,0,4,10
0,0,3,3
0,0,0,0
0,0,0,0
0,0,1,1
0,0,3,3
0,0,0,0
0,0,0,0
0,0,3,3
0,0,0,0
0,0,1,1
0,0,0,0
0,0,4,4
0,0,0,0
0,0,0,0
0,0,4,4
0,0,5,5
0,0,4,4
0,0,3,3
1,0,5,9
0,0,4,4
1,0,5,20
0,0,3,3
0,0,5,5
0,0,3,3
1,0,5,7
1,0,5,14
0,0,3,3
0,0,4,4
1,0,5,7
0,0,3,3
0,0,1,1
1,0,5,6
0,0,0,0
0,0,1,1
0,0,5,5
1,0,5,7
0,0,1,1
0,0,4,4
0,0,0,0
0,0,3,3
0,0,3,3
0,0,2,2
0,0,1,1
0,0,0,0
0,0,2,2
0,0,3,3
1,0,4,7
1,0,4,16
1,0,4,16
0,0,1,1
0,0,3,3
0,0,0,0
0,0,1,1
0,0,4,4
0,0,1,1
0,0,4,4
0,0,5,5
0,0,0,0
0,0,1,1
0,0,3,3
0,0,0,0
0,0,0,0
0,0,3,3
0,0,1,1
0,0,1,1
0,0,1,1
1,0,5,7
1,0,5,9
0,0,3,3
0,0,1,1
0,0,0,0
0,0,1,1
0,0,4,4
1,0,5,8
0,0,0,0
1,0,5,9
0,0,2,2
0,0,0,0
0,0,3,3
0,0,0,0
0,0,2,2
0,0,3,3
1,0,5,10
0,0,0,0
0,0,0,0
0,0,0,0
0,0,2,2
0,0,1,1
1,0,5,6
0,0,0,0
0,0,1,1
0,0,2,2
0,0,1,1
0,0,4,4
0,0,2,2
0,0,3,3
0,0,3,3
0,0,4,4
0,0,2,2
1,0,4,9
0,0,5,5
0,0,4,4
0,0,3,3
0,0,5,5
0,0,1,1
0,0,0,0
0,0,0,0
0,0,1,1
1,0,5,12
0,0,1,1
0,0,2,2
0,0,0,0
0,0,0,0
1,0,5,11
0,0,1,1
0,0,0,0
0,0,4,4
0,0,1,1
0,0,0,0
0,0,2,2
0,0,2,2
0,0,4,4
0,0,2,2
0,0,0,0
0,0,0,0
0,0,1,1
0,0,1,1
1,0,4,6
0,0,1,1
1,0,4,10
0,0,1,1
0,0,1,1
0,0,0,0
0,0,1,1
0,0,1,1
0,0,2,2
0,0,3,3
0,0,0,0
0,0,0,0
0,0,0,0
0,0,1,1
0,0,4,4
1,0,4,8
0,0,0,0
0,0,2,2
0,0,1,1
0,0,3,3
0,0,4,4
0,0,2,2
0,0,2,2
0,0,3,3
0,0,1,1
0,0,1,1
1,0,4,6
0,0,1,1
0,0,0,0
0,0,1,1
0,0,2,2
0,0,0,0
0,0,2,2
0,0,1,1
0,0,0,0
0,0,1,1
0,0,3,3
0,0,1,1
0,0,0,0
0,0,0,0
0,0,0,0
0,0,0,0
0,0,0,0
0,0,0,0
0,0,3,3
0,0,0,0
0,0,0,0
0,0,1,1
0,0,2,2
0,0,4,4
0,0,0,0
0,0,0,0
0,0,0,0
0,0,0,0
0,0,5,5
0,0,3,3
0,0,1,1
0,0,1,1
0,0,0,0
1,0,5,6
0,0,0,0
0,0,4,4
0,0,0,0
1,0,5,7
0,0,1,1
0,0,1,1
0,0,0,0
0,0,0,0
0,0,0,0
0,0,1,1
0,0,0,0
0,0,1,1
0,0,1,1
0,0,0,0
0,0,0,0
0,0,0,0
0,0,0,0
0,0,0,0
0,0,0,0
0,0,0,0
0,0,1,1
0,0,0,0
0,0,0,0
0,0,0,0
0,0,0,0
0,0,0,0
0,0,1,1
0,0,0,0
0,0,0,0
0,0,2,2
0,0,0,0
0,0,0,0
0,0,0,0
0,0,0,0
0,0,0,0
0,0,0,0
0,0,0,0
0,0,0,0
0,0,1,1
0,0,0,0
0,0,0,0
0,0,0,0
0,0,0,0
0,0,0,0
0,0,0,0
0,0,0,0
0,0,0,0
0,0,0,0
0,0,0,0
0,0,0,0
0,0,0,0
0,0,0,0
0,0,0,0
0,0,0,0
0,0,0,0
0,0,0,0
0,0,0,0
0,0,0,0
0,0,0,0
0,0,0,0
0,0,0,0
0,0,0,0
0,0,0,0
0,0,0,0
0,0,1,1
0,0,0,0
0,0,0,0
0,0,0,0
0,0,0,0
0,0,0,0
0,0,0,0
0,0,0,0
0,0,0,0
0,0,0,0
0,0,0,0
0,0,0,0
0,0,0,0
0,0,0,0
0,0,0,0
0,0,0,0
0,0,0,0
0,0,0,0
0,0,0,0
0,0,0,0
0,0,0,0
0,0,0,0
0,0,0,0
0,0,0,0
0,0,0,0
0,0,0,0
0,0,1,1
0,0,2,2
0,0,0,0
0,0,0,0
0,0,0,0
0,0,0,0
0,0,0,0
0,0,0,0
0,0,0,0
0,0,1,1
0,0,0,0
0,0,1,1
0,0,0,0
0,0,1,1
0,0,0,0
0,0,1,1
0,0,0,0
0,0,1,1
0,0,1,1
0,0,1,1
0,0,0,0
0,0,0,0
0,0,0,0
0,0,0,0
0,0,0,0
0,0,2,2
0,0,2,2
0,0,1,1
0,0,0,0
0,0,1,1
0,0,1,1
0,0,3,3
0,0,2,2
0,0,0,0
0,0,0,0
0,0,0,0
0,0,1,1
0,0,1,1
0,0,0,0
0,0,1,1
0,0,0,0
0,0,0,0
0,0,0,0
0,0,3,3
0,0,0,0
0,0,1,1
0,0,1,1
1,0,3,10
0,0,3,3
0,0,2,2
0,0,0,0
0,0,1,1
0,0,0,0
0,0,0,0
0,0,0,0
0,0,0,0
0,0,1,1
0,0,1,1
0,0,0,0
0,0,1,1
0,0,1,1
0,0,2,2
0,0,0,0
0,0,0,0
0,0,5,5
0,0,4,4
0,0,2,2
0,0,1,1
0,0,2,2
0,0,0,0
0,0,0,0
0,0,1,1
0,0,1,1
0,0,0,0
0,0,0,0
0,0,1,1
0,0,0,0
0,0,0,0
0,0,1,1
0,0,0,0
0,0,0,0
0,0,3,3
0,0,0,0
0,0,1,1
0,0,1,1
0,0,5,5
0,0,1,1
0,0,0,0
0,0,3,3
0,0,0,0
0,0,0,0
0,0,2,2
0,0,0,0
0,0,2,2
0,0,0,0
0,0,0,0
0,0,1,1
0,0,0,0
0,0,0,0
0,0,1,1
0,0,0,0
0,0,0,0
0,0,0,0
0,0,1,1
0,0,0,0
0,0,0,0
0,0,0,0
0,0,1,1
0,0,5,5
1,0,5,6
0,0,5,5
0,0,4,4
0,0,0,0
0,0,0,0
0,0,0,0
0,0,0,0
0,0,1,1
0,0,0,0
0,0,0,0
0,0,0,0
0,0,0,0
0,0,2,2
0,0,2,2
1,0,2,7
0,0,1,1
0,0,1,1
0,0,0,0
0,0,0,0
0,0,1,1
0,0,0,0
0,0,3,3
0,0,0,0
0,0,0,0
0,0,0,0
0,0,0,0
0,0,0,0
0,0,2,2
0,0,0,0
0,0,0,0
0,0,0,0
0,0,2,2
0,0,0,0
0,0,0,0
0,0,0,0
0,0,5,5
0,0,1,1
0,0,5,5
0,0,5,5
0,0,1,1
0,0,0,0
0,0,0,0
0,0,0,0
0,0,0,0
0,0,0,0
0,0,0,0
0,0,0,0
0,0,0,0
0,0,0,0
0,0,0,0
0,0,0,0
0,0,0,0
0,0,0,0
0,0,1,1
0,0,0,0
0,0,0,0
0,0,0,0
0,0,0,0
0,0,0,0
0,0,0,0
0,0,0,0
0,0,0,0
0,0,1,1
0,0,0,0
0,0,4,4
0,0,1,1
0,0,0,0
0,0,3,3
0,0,0,0
0,0,1,1
0,0,1,1
0,0,0,0
0,0,0,0
0,0,2,2
0,0,0,0
0,0,2,2
0,0,0,0
0,0,3,3
0,0,0,0
0,0,0,0
0,0,0,0
0,0,0,0
0,0,0,0
0,0,0,0
0,0,0,0
0,0,0,0
0,0,0,0
0,0,0,0
0,0,0,0
0,0,0,0
0,0,0,0
0,0,0,0
0,0,2,2
0,0,0,0
0,0,1,1
0,0,0,0
0,0,0,0
0,0,0,0
0,0,0,0
0,0,0,0
0,0,0,0
0,0,0,0
0,0,0,0
0,0,0,0
0,0,1,1
0,0,0,0
0,0,0,0
0,0,0,0
0,0,0,0
0,0,0,0
0,0,0,0
0,0,0,0
0,0,0,0
0,0,0,0
0,0,0,0
0,0,0,0
0,0,0,0
0,0,0,0
0,0,0,0
0,0,0,0
0,0,0,0
0,0,0,0
0,0,0,0
0,0,0,0
0,0,0,0
0,0,0,0
0,0,0,0
0,0,0,0
0,0,0,0
0,0,0,0
0,0,0,0
0,0,0,0
0,0,0,0
0,0,0,0
0,0,0,0
0,0,0,0
0,0,0,0
0,0,0,0
0,0,0,0
0,0,0,0
0,0,0,0
0,0,0,0
0,0,0,0
0,0,0,0
0,0,0,0
0,0,0,0
0,0,0,0
0,0,0,0
0,0,0,0
0,0,0,0
0,0,0,0
0,0,0,0
0,0,0,0
0,0,0,0
0,0,0,0
0,0,0,0
0,0,0,0
0,0,0,0
0,0,0,0
0,0,0,0
0,0,0,0
0,0,0,0
0,0,0,0
0,0,0,0
0,0,0,0
0,0,0,0
0,0,0,0
0,0,0,0
0,0,0,0
0,0,0,0
0,0,0,0
0,0,0,0
0,0,0,0
0,0,0,0
0,0,0,0
0,0,0,0
0,0,0,0
0,0,0,0
0,0,0,0
0,0,0,0
0,0,0,0
0,0,0,0
0,0,0,0
0,0,0,0
0,0,0,0
0,0,0,0
0,0,0,0
0,0,0,0
0,0,0,0
0,0,1,1
0,0,0,0
0,0,0,0
0,0,0,0
0,0,0,0
0,0,1,1
0,0,0,0
0,0,1,1
0,0,0,0
0,0,0,0
0,0,4,4
0,0,0,0
0,0,3,3
0,0,0,0
0,0,0,0
0,0,1,1
0,0,0,0
0,0,0,0
0,0,1,1
0,0,0,0
0,0,0,0
0,0,0,0
0,0,2,2
0,0,3,3
0,0,1,1
0,0,1,1
0,0,0,0
0,0,2,2
0,0,2,2
0,0,1,1
0,0,0,0
0,0,0,0
0,0,2,2
0,0,5,5
0,0,1,1
0,0,0,0
0,0,2,2
0,0,4,4
0,0,1,1
1,0,5,10
0,0,2,2
0,0,1,1
0,0,1,1
0,0,0,0
1,0,5,6
0,0,1,1
0,0,2,2
0,0,0,0
0,0,0,0
0,0,0,0
0,0,0,0
0,0,0,0
0,0,5,5
0,0,3,3
0,0,0,0
0,0,0,0
0,0,0,0
0,0,0,0
0,0,2,2
0,0,0,0
1,0,5,8
0,0,0,0
0,0,0,0
0,0,0,0
0,0,0,0
0,0,3,3
0,0,1,1
0,0,4,4
0,0,3,3
0,0,1,1
0,0,1,1
0,0,1,1
0,0,1,1
0,0,0,0
0,0,0,0
0,0,0,0
0,0,0,0
0,0,0,0
0,0,0,0
0,0,2,2
0,0,4,4
0,0,1,1
0,0,0,0
0,0,0,0
0,0,0,0
0,0,0,0
0,0,0,0
0,0,0,0
0,0,4,4
0,0,0,0
0,0,0,0
0,0,0,0
0,0,0,0
0,0,1,1
0,0,1,1
0,0,1,1
0,0,0,0
0,0,0,0
0,0,0,0
0,0,0,0
0,0,3,3
0,0,1,1
0,0,0,0
0,0,1,1
0,0,0,0
0,0,2,2
0,0,1,1
0,0,1,1
0,0,3,3
0,0,1,1
0,0,1,1
0,0,0,0
0,0,0,0
0,0,0,0
0,0,0,0
0,0,1,1
1,0,3,6
0,0,1,1
0,0,0,0
0,0,0,0
0,0,0,0
0,0,1,1
0,0,0,0
0,0,0,0
0,0,0,0
0,0,0,0
1,0,3,6
0,0,1,1
0,0,0,0
0,0,0,0
0,0,1,1
0,0,0,0
0,0,0,0
0,0,0,0
0,0,0,0
0,0,0,0
0,0,0,0
0,0,0,0
0,0,0,0
0,0,0,0
0,0,0,0
0,0,0,0
0,0,0,0
0,0,0,0
0,0,0,0
0,0,0,0
0,0,0,0
0,0,0,0
0,0,0,0
0,0,1,1
1,0,1,7
0,0,0,0
0,0,1,1
0,0,0,0
0,0,1,1
0,0,0,0
0,0,0,0
0,0,0,0
0,0,0,0
0,0,2,2
0,0,0,0
0,0,0,0
0,0,0,0
0,0,3,3
0,0,2,2
0,0,0,0
0,0,1,1
0,0,0,0
0,0,2,2
0,0,0,0
0,0,0,0
0,0,0,0
0,0,0,0
0,0,3,3
0,0,0,0
0,0,0,0
0,0,1,1
0,0,2,2
0,0,0,0
0,0,0,0
0,0,0,0
0,0,3,3
0,0,0,0
0,0,0,0
0,0,2,2
0,0,1,1
0,0,0,0
0,0,0,0
0,0,0,0
0,0,0,0
0,0,0,0
0,0,0,0
0,0,2,2
0,0,0,0
0,0,0,0
0,0,0,0
0,0,0,0
0,0,0,0
0,0,0,0
0,0,0,0
0,0,0,0
0,0,1,1
0,0,0,0
0,0,0,0
0,0,0,0
0,0,0,0
0,0,1,1
0,0,0,0
0,0,0,0
0,0,0,0
0,0,0,0
0,0,0,0
0,0,0,0
0,0,0,0
0,0,0,0
0,0,0,0
0,0,0,0
0,0,0,0
0,0,0,0
0,0,0,0
0,0,0,0
0,0,0,0
0,0,0,0
0,0,0,0
0,0,0,0
0,0,0,0
0,0,0,0
0,0,0,0
0,0,0,0
0,0,0,0
0,0,0,0
0,0,0,0
0,0,0,0
0,0,0,0
0,0,0,0
0,0,0,0
0,0,0,0
0,0,0,0
0,0,0,0
0,0,0,0
0,0,0,0
0,0,0,0
0,0,0,0
0,0,0,0
0,0,0,0
0,0,0,0
0,0,0,0
0,0,0,0
0,0,0,0
0,0,0,0
0,0,0,0
0,0,0,0
0,0,0,0
0,0,0,0
0,0,0,0
0,0,0,0
0,0,0,0
0,0,0,0
0,0,0,0
0,0,0,0
0,0,0,0
0,0,0,0
0,0,0,0
0,0,0,0
0,0,0,0
0,0,0,0
0,0,0,0
0,0,0,0
0,0,0,0
0,0,0,0
0,0,0,0
0,0,0,0
0,0,0,0
0,0,0,0
0,0,0,0
0,0,0,0
0,0,0,0
0,0,0,0
0,0,0,0
0,0,1,1
0,0,0,0
0,0,0,0
0,0,0,0
0,0,0,0
0,0,0,0
0,0,1,1
0,0,1,1
0,0,0,0
0,0,0,0
0,0,0,0
0,0,0,0
0,0,0,0
0,0,0,0
0,0,0,0
0,0,0,0
0,0,0,0
0,0,0,0
0,0,0,0
0,0,0,0
0,0,1,1
0,0,1,1
0,0,0,0
0,0,1,1
0,0,0,0
0,0,0,0
0,0,1,1
0,0,0,0
0,0,0,0
0,0,0,0
0,0,0,0
0,0,0,0
0,0,1,1
0,0,0,0
0,0,0,0
0,0,0,0
0,0,0,0
0,0,0,0
0,0,0,0
0,0,0,0
0,0,0,0
0,0,0,0
0,0,0,0
0,0,0,0
0,0,0,0
0,0,0,0
0,0,1,1
0,0,2,2
0,0,0,0
0,0,0,0
0,0,1,1
0,0,1,1
0,0,0,0
0,0,0,0
1,0,2,7
0,0,2,2
0,0,2,2
0,0,3,3
0,0,0,0
0,0,1,1
0,0,0,0
0,0,0,0
0,0,4,4
0,0,2,2
0,0,0,0
0,0,0,0
0,0,0,0
1,0,4,10
0,0,1,1
0,0,0,0
0,0,3,3
0,0,0,0
0,0,2,2
0,0,1,1
0,0,0,0
0,0,1,1
0,0,0,0
0,0,0,0
0,0,0,0
0,0,0,0
0,0,0,0
0,0,0,0
0,0,1,1
0,0,3,3
0,0,0,0
0,0,3,3
0,0,0,0
0,0,1,1
0,0,1,1
0,0,0,0
0,0,0,0
0,0,0,0
0,0,1,1
0,0,0,0
1,0,3,11
0,0,1,1
0,0,0,0
0,0,0,0
0,0,2,2
0,0,1,1
0,0,0,0
0,0,2,2
0,0,0,0
0,0,2,2
0,0,0,0
0,0,0,0
0,0,2,2
0,0,5,5
0,0,0,0
0,0,2,2
0,0,1,1
0,0,0,0
0,0,0,0
0,0,5,5
0,0,2,2
0,0,0,0
0,0,0,0
0,0,3,3
0,0,2,2
0,0,0,0
0,0,0,0
0,0,0,0
0,0,4,4
0,0,0,0
0,0,1,1
0,0,0,0
0,0,2,2
0,0,0,0
0,0,0,0
0,0,0,0
0,0,0,0
0,0,0,0
0,0,0,0
0,0,1,1
0,0,1,1
0,0,0,0
0,0,1,1
0,0,4,4
0,0,0,0
0,0,0,0
0,0,1,1
0,0,0,0
0,0,0,0
0,0,0,0
0,0,0,0
0,0,0,0
0,0,0,0
0,0,1,1
0,0,0,0
0,0,2,2
0,0,0,0
0,0,1,1
0,0,0,0
0,0,0,0
0,0,3,3
0,0,0,0
0,0,0,0
0,0,4,4
0,0,4,4
0,0,1,1
0,0,2,2
1,0,4,10
0,0,0,0
0,0,0,0
0,0,0,0
0,0,2,2
0,0,2,2
0,0,5,5
0,0,3,3
0,0,1,1
0,0,0,0
0,0,0,0
0,0,1,1
0,0,0,0
0,0,2,2
0,0,1,1
0,0,0,0
0,0,1,1
0,0,3,3
0,0,0,0
0,0,0,0
0,0,0,0
0,0,4,4
0,0,5,5
0,0,0,0
0,0,3,3
0,0,3,3
0,0,0,0
0,0,1,1
0,0,1,1
1,0,5,6
0,0,2,2
0,0,2,2
0,0,0,0
0,0,0,0
0,0,4,4
0,0,1,1
0,0,3,3
0,0,0,0
0,0,0,0
0,0,0,0
0,0,0,0
0,0,0,0
0,0,0,0
0,0,0,0
0,0,0,0
0,0,0,0
0,0,1,1
0,0,2,2
0,0,0,0
0,0,1,1
0,0,0,0
0,0,0,0
0,0,2,2
0,0,0,0
0,0,0,0
0,0,0,0
0,0,0,0
0,0,0,0
0,0,0,0
0,0,0,0
0,0,1,1
0,0,0,0
0,0,0,0
0,0,0,0
0,0,1,1
0,0,0,0
0,0,0,0
0,0,0,0
0,0,0,0
0,0,0,0
0,0,0,0
0,0,0,0
0,0,0,0
0,0,0,0
0,0,0,0
0,0,0,0
0,0,0,0
0,0,0,0
0,0,0,0
0,0,0,0
0,0,0,0
0,0,0,0
0,0,0,0
0,0,0,0
0,0,0,0
0,0,0,0
0,0,0,0
0,0,0,0
0,0,0,0
0,0,0,0
0,0,0,0
0,0,0,0
0,0,0,0
0,0,0,0
0,0,0,0
0,0,0,0
0,0,0,0
0,0,0,0
0,0,0,0
0,0,0,0
0,0,0,0
0,0,0,0
0,0,0,0
0,0,0,0
0,0,0,0
0,0,0,0
0,0,0,0
0,0,0,0
0,0,0,0
0,0,0,0
0,0,0,0
0,0,0,0
0,0,0,0
0,0,0,0
0,0,0,0
0,0,0,0
0,0,0,0
0,0,0,0
0,0,0,0
0,0,0,0
0,0,0,0
0,0,0,0
0,0,0,0
0,0,0,0
0,0,0,0
0,0,0,0
0,0,0,0
0,0,0,0
0,0,0,0
0,0,0,0
0,0,0,0
0,0,0,0
0,0,0,0
0,0,0,0
0,0,0,0
0,0,1,1
0,0,0,0
0,0,0,0
0,0,0,0
0,0,1,1
0,0,0,0
0,0,0,0
0,0,2,2
0,0,0,0
0,0,1,1
0,0,2,2
0,0,1,1
0,0,2,2
0,0,2,2
0,0,0,0
0,0,4,4
0,0,3,3
0,0,0,0
0,0,1,1
0,0,4,4
0,0,0,0
0,0,0,0
0,0,3,3
0,0,0,0
0,0,0,0
0,0,1,1
0,0,0,0
0,0,0,0
0,0,4,4
0,0,0,0
0,0,0,0
0,0,0,0
0,0,2,2
1,0,4,9
1,0,4,15
0,0,3,3
0,0,3,3
0,0,0,0
0,0,5,5
0,0,0,0
0,0,3,3
0,0,2,2
0,0,3,3
0,0,0,0
0,0,2,2
0,0,0,0
0,0,0,0
0,0,1,1
0,0,0,0
0,0,0,0
0,0,0,0
0,0,0,0
0,0,0,0
0,0,1,1
0,0,0,0
0,0,3,3
0,0,1,1
1,0,3,9
0,0,0,0
0,0,0,0
0,0,0,0
0,0,0,0
0,0,0,0
0,0,0,0
0,0,1,1
0,0,1,1
0,0,0,0
0,0,0,0
0,0,1,1
0,0,0,0
0,0,3,3
0,0,0,0
0,0,0,0
0,0,0,0
0,0,0,0
0,0,1,1
0,0,1,1
0,0,0,0
0,0,1,1
0,0,1,1
0,0,0,0
0,0,0,0
0,0,0,0
0,0,0,0
0,0,0,0
0,0,0,0
0,0,3,3
1,0,3,6
0,0,0,0
0,0,3,3
0,0,0,0
0,0,0,0
0,0,0,0
0,0,0,0
0,0,0,0
0,0,0,0
0,0,0,0
0,0,1,1
0,0,4,4
0,0,1,1
0,0,0,0
0,0,0,0
0,0,0,0
0,0,2,2
0,0,0,0
0,0,0,0
0,0,0,0
0,0,2,2
0,0,0,0
0,0,0,0
0,0,0,0
0,0,0,0
0,0,0,0
0,0,0,0
0,0,1,1
0,0,1,1
0,0,0,0
0,0,0,0
0,0,0,0
0,0,0,0
0,0,0,0
0,0,0,0
0,0,0,0
0,0,0,0
0,0,1,1
0,0,3,3
0,0,2,2
0,0,5,5
0,0,5,5
0,0,0,0
0,0,0,0
0,0,0,0
0,0,2,2
0,0,0,0
0,0,1,1
0,0,0,0
0,0,0,0
0,0,0,0
0,0,1,1
0,0,0,0
0,0,4,4
0,0,0,0
0,0,0,0
0,0,0,0
0,0,0,0
0,0,0,0
0,0,0,0
0,0,2,2
0,0,0,0
0,0,0,0
0,0,0,0
0,0,1,1
0,0,1,1
0,0,0,0
0,0,0,0
0,0,0,0
0,0,1,1
0,0,4,4
0,0,0,0
0,0,3,3
0,0,0,0
0,0,2,2
0,0,1,1
0,0,1,1
0,0,2,2
0,0,0,0
0,0,0,0
0,0,1,1
0,0,0,0
0,0,0,0
0,0,0,0
0,0,1,1
0,0,0,0
0,0,0,0
0,0,4,4
0,0,3,3
0,0,0,0
0,0,0,0
0,0,0,0
0,0,2,2
0,0,0,0
0,0,1,1
0,0,0,0
0,0,0,0
0,0,0,0
0,0,0,0
0,0,4,4
0,0,1,1
0,0,0,0
0,0,0,0
0,0,0,0
0,0,0,0
0,0,0,0
0,0,0,0
0,0,0,0
0,0,1,1
0,0,0,0
0,0,0,0
0,0,0,0
0,0,0,0
0,0,3,3
0,0,0,0
0,0,0,0
0,0,0,0
0,0,0,0
0,0,1,1
0,0,0,0
0,0,0,0
0,0,0,0
0,0,0,0
0,0,0,0
0,0,0,0
0,0,0,0
0,0,0,0
0,0,0,0
0,0,0,0
0,0,0,0
0,0,0,0
0,0,0,0
0,0,0,0
0,0,0,0
0,0,0,0
0,0,0,0
0,0,0,0
0,0,0,0
0,0,0,0
0,0,0,0
0,0,0,0
0,0,0,0
0,0,0,0
0,0,0,0
0,0,0,0
0,0,0,0
0,0,0,0
0,0,0,0
0,0,0,0
0,0,0,0
0,0,0,0
0,0,0,0
0,0,0,0
0,0,0,0
0,0,0,0
0,0,0,0
0,0,0,0
0,0,0,0
0,0,0,0
0,0,0,0
0,0,0,0
0,0,0,0
0,0,0,0
0,0,0,0
0,0,0,0
0,0,0,0
0,0,0,0
0,0,0,0
0,0,0,0
0,0,0,0
0,0,0,0
0,0,0,0
0,0,0,0
0,0,0,0
0,0,0,0
0,0,0,0
0,0,0,0
0,0,0,0
0,0,0,0
0,0,0,0
0,0,0,0
0,0,0,0
0,0,0,0
0,0,0,0
0,0,0,0
0,0,0,0
0,0,0,0
0,0,0,0
0,0,0,0
0,0,0,0
0,0,0,0
0,0,0,0
0,0,1,1
0,0,1,1
0,0,0,0
0,0,0,0
0,0,0,0
0,0,1,1
0,0,3,3
0,0,1,1
0,0,0,0
0,0,0,0
0,0,0,0
0,0,0,0
0,0,0,0
0,0,0,0
0,0,1,1
0,0,0,0
0,0,2,2
0,0,0,0
0,0,0,0
0,0,0,0
0,0,1,1
1,0,2,7
0,0,4,4
1,0,4,8
0,0,1,1
0,0,0,0
0,0,0,0
0,0,1,1
0,0,1,1
0,0,0,0
0,0,0,0
0,0,2,2
0,0,0,0
0,0,3,3
0,0,0,0
0,0,3,3
0,0,0,0
0,0,4,4
0,0,0,0
0,0,0,0
0,0,0,0
0,0,0,0
0,0,0,0
0,0,0,0
0,0,2,2
0,0,0,0
0,0,1,1
0,0,0,0
0,0,0,0
0,0,0,0
0,0,4,4
0,0,0,0
0,0,3,3
0,0,0,0
0,0,3,3
0,0,0,0
0,0,1,1
0,0,0,0
0,0,0,0
0,0,0,0
0,0,0,0
0,0,3,3
0,0,3,3
0,0,1,1
0,0,3,3
0,0,0,0
0,0,2,2
0,0,3,3
0,0,0,0
0,0,2,2
0,0,1,1
0,0,0,0
0,0,0,0
0,0,0,0
0,0,1,1
0,0,0,0
0,0,1,1
0,0,2,2
0,0,0,0
1,0,2,12
0,0,4,4
0,0,0,0
0,0,0,0
0,0,2,2
0,0,0,0
0,0,0,0
0,0,0,0
0,0,0,0
0,0,0,0
0,0,0,0
0,0,0,0
0,0,0,0
0,0,0,0
1,0,2,6
0,0,0,0
0,0,0,0
0,0,3,3
0,0,0,0
0,0,0,0
0,0,0,0
0,0,0,0
0,0,0,0
0,0,0,0
0,0,0,0
0,0,0,0
0,0,0,0
0,0,0,0
0,0,0,0
1,0,0,10
0,0,1,1
0,0,1,1
0,0,3,3
0,0,0,0
0,0,2,2
0,0,1,1
0,0,0,0
0,0,1,1
0,0,0,0
0,0,5,5
0,0,0,0
0,0,4,4
0,0,0,0
1,0,5,11
0,0,1,1
0,0,1,1
0,0,0,0
0,0,0,0
0,0,1,1
0,0,0,0
0,0,0,0
0,0,0,0
0,0,0,0
0,0,0,0
0,0,2,2
0,0,4,4
0,0,2,2
0,0,4,4
0,0,0,0
0,0,0,0
0,0,0,0
0,0,0,0
0,0,2,2
0,0,4,4
0,0,0,0
0,0,0,0
0,0,0,0
0,0,0,0
0,0,0,0
0,0,0,0
0,0,0,0
0,0,0,0
0,0,0,0
0,0,0,0
0,0,1,1
0,0,0,0
0,0,1,1
0,0,0,0
1,0,1,7
0,0,2,2
0,0,0,0
0,0,0,0
0,0,1,1
0,0,0,0
0,0,0,0
0,0,0,0
0,0,0,0
0,0,0,0
0,0,0,0
1,0,2,9
0,0,0,0
0,0,1,1
0,0,0,0
0,0,1,1
0,0,0,0
0,0,0,0
0,0,2,2
0,0,1,1
0,0,1,1
0,0,3,3
0,0,2,2
0,0,0,0
0,0,0,0
0,0,0,0
1,0,3,7
0,0,4,4
0,0,0,0
0,0,0,0
0,0,0,0
0,0,0,0
0,0,0,0
0,0,0,0
0,0,3,3
0,0,0,0
0,0,0,0
0,0,4,4
0,0,0,0
0,0,0,0
0,0,0,0
0,0,2,2
0,0,1,1
0,0,3,3
0,0,4,4
0,0,0,0
0,0,0,0
0,0,0,0
0,0,1,1
0,0,0,0
0,0,1,1
0,0,0,0
0,0,0,0
0,0,0,0
0,0,0,0
0,0,0,0
0,0,0,0
0,0,0,0
0,0,0,0
0,0,0,0
0,0,0,0
0,0,0,0
0,0,0,0
0,0,0,0
0,0,0,0
0,0,0,0
0,0,0,0
0,0,0,0
0,0,0,0
0,0,0,0
0,0,0,0
0,0,0,0
0,0,0,0
0,0,0,0
0,0,0,0
0,0,0,0
0,0,0,0
0,0,0,0
0,0,0,0
0,0,0,0
0,0,0,0
0,0,0,0
0,0,0,0
0,0,0,0
0,0,0,0
0,0,0,0
0,0,0,0
0,0,0,0
0,0,0,0
0,0,0,0
0,0,0,0
0,0,0,0
0,0,0,0
0,0,0,0
0,0,0,0
0,0,0,0
0,0,0,0
0,0,0,0
0,0,0,0
0,0,0,0
0,0,0,0
0,0,0,0
0,0,0,0
0,0,0,0
0,0,0,0
0,0,0,0
0,0,0,0
0,0,0,0
0,0,0,0
0,0,0,0
0,0,0,0
0,0,0,0
0,0,0,0
0,0,0,0
0,0,0,0
0,0,0,0
0,0,0,0
0,0,0,0
0,0,0,0
0,0,0,0
0,0,0,0
0,0,1,1
0,0,0,0
0,0,0,0
0,0,0,0
0,0,0,0
0,0,0,0
0,0,0,0
0,0,0,0
0,0,0,0
0,0,0,0
0,0,0,0
0,0,0,0
0,0,0,0
0,0,0,0
0,0,0,0
0,0,0,0
0,0,0,0
0,0,0,0
0,0,0,0
0,0,0,0
0,0,0,0
0,0,0,0
0,0,0,0
0,0,0,0
0,0,0,0
0,0,0,0
0,0,1,1
0,0,0,0
0,0,0,0
0,0,1,1
0,0,1,1
0,0,2,2
0,0,3,3
0,0,0,0
0,0,0,0
0,0,2,2
0,0,1,1
0,0,0,0
0,0,0,0
0,0,0,0
0,0,0,0
0,0,2,2
0,0,2,2
0,0,0,0
0,0,0,0
0,0,5,5
0,0,0,0
0,0,0,0
0,0,0,0
0,0,0,0
0,0,2,2
0,0,0,0
0,0,2,2
0,0,1,1
0,0,0,0
0,0,2,2
0,0,0,0
0,0,0,0
0,0,2,2
0,0,2,2
0,0,0,0
0,0,2,2
0,0,0,0
0,0,1,1
0,0,0,0
0,0,0,0
0,0,0,0
0,0,2,2
0,0,1,1
0,0,0,0
0,0,1,1
0,0,4,4
0,0,1,1
0,0,0,0
0,0,0,0
0,0,2,2
0,0,2,2
0,0,3,3
0,0,0,0
0,0,0,0
0,0,2,2
0,0,3,3
0,0,4,4
0,0,0,0
0,0,1,1
0,0,0,0
0,0,0,0
0,0,2,2
0,0,0,0
0,0,2,2
0,0,3,3
0,0,0,0
0,0,0,0
0,0,1,1
0,0,0,0
0,0,0,0
0,0,0,0
0,0,0,0
0,0,5,5
0,0,0,0
0,0,0,0
0,0,0,0
0,0,4,4
0,0,1,1
0,0,2,2
0,0,0,0
0,0,0,0
0,0,3,3
0,0,5,5
0,0,0,0
0,0,0,0
0,0,1,1
0,0,0,0
0,0,0,0
0,0,0,0
0,0,3,3
0,0,0,0
0,0,0,0
0,0,0,0
0,0,0,0
0,0,0,0
0,0,0,0
0,0,0,0
0,0,0,0
0,0,3,3
0,0,0,0
0,0,0,0
0,0,0,0
0,0,0,0
0,0,0,0
0,0,3,3
0,0,1,1
0,0,0,0
0,0,0,0
0,0,0,0
0,0,1,1
0,0,2,2
0,0,2,2
1,0,3,6
0,0,0,0
0,0,3,3
0,0,0,0
0,0,0,0
0,0,0,0
0,0,0,0
0,0,1,1
0,0,0,0
0,0,0,0
0,0,0,0
0,0,0,0
1,0,3,7
0,0,0,0
0,0,0,0
0,0,0,0
0,0,0,0
0,0,0,0
0,0,0,0
0,0,0,0
0,0,0,0
0,0,0,0
0,0,0,0
0,0,0,0
0,0,2,2
0,0,0,0
0,0,0,0
0,0,0,0
1,0,2,7
0,0,3,3
0,0,0,0
0,0,0,0
0,0,0,0
0,0,0,0
0,0,1,1
0,0,3,3
0,0,0,0
0,0,1,1
0,0,1,1
0,0,2,2
0,0,0,0
0,0,0,0
0,0,0,0
0,0,0,0
0,0,0,0
0,0,1,1
0,0,0,0
0,0,3,3
0,0,0,0
0,0,3,3
0,0,0,0
0,0,2,2
0,0,2,2
0,0,1,1
0,0,0,0
0,0,0,0
0,0,0,0
0,0,1,1
0,0,5,5
0,0,0,0
0,0,0,0
0,0,4,4
1,0,5,6
0,0,0,0
0,0,0,0
0,0,1,1
0,0,1,1
0,0,3,3
0,0,0,0
0,0,0,0
0,0,0,0
0,0,0,0
0,0,0,0
0,0,0,0
0,0,0,0
0,0,0,0
0,0,0,0
0,0,0,0
0,0,0,0
0,0,0,0
0,0,0,0
0,0,0,0
0,0,0,0
0,0,0,0
0,0,0,0
0,0,0,0
0,0,0,0
0,0,0,0
0,0,0,0
0,0,0,0
0,0,0,0
0,0,0,0
0,0,0,0
0,0,0,0
0,0,0,0
0,0,1,1
0,0,0,0
0,0,0,0
0,0,0,0
0,0,0,0
0,0,0,0
0,0,0,0
0,0,0,0
0,0,0,0
0,0,0,0
0,0,0,0
0,0,0,0
0,0,0,0
0,0,0,0
0,0,0,0
0,0,0,0
0,0,0,0
0,0,0,0
0,0,0,0
0,0,0,0
0,0,0,0
0,0,0,0
0,0,0,0
0,0,0,0
0,0,0,0
0,0,0,0
0,0,0,0
0,0,0,0
0,0,0,0
0,0,0,0
0,0,0,0
0,0,0,0
0,0,0,0
0,0,0,0
0,0,0,0
0,0,0,0
0,0,0,0
0,0,0,0
0,0,0,0
0,0,0,0
0,0,0,0
0,0,0,0
0,0,0,0
0,0,0,0
0,0,0,0
0,0,0,0
0,0,0,0
0,0,0,0
0,0,0,0
0,0,0,0
0,0,0,0
0,0,0,0
0,0,0,0
0,0,0,0
0,0,0,0
0,0,0,0
0,0,0,0
0,0,0,0
0,0,0,0
0,0,0,0
0,0,0,0
0,0,0,0
0,0,0,0
0,0,0,0
0,0,0,0
0,0,0,0
0,0,0,0
0,0,0,0
0,0,1,1
0,0,0,0
0,0,0,0
0,0,3,3
0,0,0,0
0,0,1,1
0,0,3,3
0,0,0,0
0,0,0,0
0,0,0,0
0,0,1,1
0,0,0,0
0,0,0,0
0,0,0,0
0,0,4,4
0,0,0,0
0,0,3,3
0,0,0,0
0,0,1,1
0,0,1,1
0,0,4,4
1,0,4,7
0,0,0,0
1,0,4,6
0,0,3,3
0,0,2,2
0,0,0,0
0,0,1,1
0,0,0,0
0,0,0,0
0,0,0,0
0,0,0,0
0,0,0,0
0,0,5,5
0,0,0,0
0,0,0,0
0,0,3,3
0,0,4,4
0,0,0,0
0,0,0,0
0,0,4,4
0,0,0,0
0,0,0,0
0,0,4,4
0,0,0,0
0,0,0,0
0,0,2,2
0,0,1,1
0,0,0,0
0,0,0,0
0,0,1,1
0,0,0,0
0,0,0,0
0,0,4,4
0,0,0,0
0,0,0,0
0,0,0,0
0,0,1,1
0,0,1,1
0,0,0,0
0,0,2,2
0,0,1,1
0,0,1,1
0,0,0,0
0,0,0,0
0,0,0,0
0,0,0,0
0,0,2,2
0,0,1,1
0,0,0,0
0,0,0,0
0,0,2,2
0,0,0,0
0,0,1,1
0,0,1,1
0,0,0,0
0,0,0,0
0,0,0,0
0,0,1,1
1,0,2,10
0,0,1,1
0,0,4,4
0,0,0,0
0,0,3,3
0,0,2,2
0,0,0,0
0,0,0,0
0,0,3,3
0,0,1,1
0,0,0,0
0,0,0,0
0,0,0,0
0,0,0,0
0,0,1,1
0,0,0,0
0,0,0,0
0,0,0,0
0,0,0,0
1,0,1,6
0,0,0,0
0,0,0,0
0,0,0,0
1,0,1,10
0,0,5,5
0,0,0,0
0,0,0,0
0,0,0,0
0,0,0,0
0,0,1,1
0,0,0,0
0,0,0,0
0,0,1,1
0,0,0,0
0,0,2,2
0,0,0,0
0,0,0,0
0,0,2,2
0,0,0,0
0,0,0,0
0,0,0,0
0,0,1,1
0,0,0,0
0,0,0,0
0,0,0,0
0,0,0,0
0,0,0,0
0,0,0,0
0,0,1,1
0,0,0,0
0,0,2,2
0,0,0,0
0,0,0,0
0,0,0,0
0,0,1,1
0,0,0,0
0,0,0,0
0,0,0,0
0,0,0,0
0,0,1,1
0,0,0,0
0,0,0,0
0,0,0,0
0,0,2,2
0,0,0,0
0,0,0,0
0,0,0,0
0,0,0,0
0,0,1,1
0,0,2,2
0,0,0,0
0,0,0,0
0,0,4,4
0,0,0,0
0,0,1,1
0,0,3,3
0,0,0,0
0,0,0,0
0,0,0,0
0,0,2,2
0,0,1,1
0,0,0,0
0,0,0,0
0,0,0,0
0,0,0,0
1,0,3,6
0,0,0,0
0,0,0,0
0,0,0,0
0,0,0,0
0,0,0,0
0,0,0,0
0,0,0,0
0,0,0,0
1,0,3,6
0,0,5,5
0,0,1,1
0,0,1,1
1,0,5,6
0,0,0,0
0,0,1,1
0,0,4,4
0,0,0,0
0,0,0,0
0,0,1,1
0,0,4,4
0,0,2,2
0,0,2,2
0,0,0,0
0,0,1,1
0,0,1,1
0,0,0,0
0,0,2,2
0,0,2,2
0,0,1,1
0,0,0,0
0,0,0,0
0,0,0,0
0,0,1,1
0,0,4,4
0,0,0,0
0,0,0,0
0,0,0,0
0,0,0,0
0,0,0,0
0,0,0,0
0,0,0,0
