true,pred
5,0
0,0
0,0
0,0
0,0
0,0
0,0
0,0
0,0
0,0
1,0
0,0
1,0
0,0
0,0
0,0
0,0
0,0
0,0
0,0
0,0
0,0
0,0
0,0
0,0
0,0
0,0
0,0
0,0
0,0
2,0
0,0
0,0
0,0
0,0
0,0
0,0
0,0
0,0
0,0
0,0
0,0
0,0
0,0
0,0
0,0
0,0
0,0
0,0
0,0
0,0
0,0
0,0
0,0
0,0
0,0
0,0
0,0
0,0
0,0
0,0
0,0
0,0
0,0
0,0
0,0
0,0
0,0
1,0
0,0
0,0
0,0
0,0
0,0
0,0
0,0
0,0
1,0
0,0
0,0
0,0
4,0
0,0
1,0
0,0
0,0
1,0
6,0
0,0
0,0
0,0
1,0
1,0
0,0
0,0
0,0
0,0
1,0
0,0
0,0
0,0
0,0
1,0
1,0
1,0
0,0
0,0
2,0
0,0
2,0
2,0
0,0
1,0
0,0
1,0
2,0
2,0
0,0
2,0
1,0
0,0
0,0
1,0
0,0
0,0
1,0
0,0
0,0
0,0
0,0
0,0
3,0
0,0
3,0
1,0
1,0
0,0
0,0
0,0
2,0
0,0
1,0
1,0
0,0
0,0
1,0
0,0
3,0
1,0
2,0
0,0
1,0
5,0
1,0
0,0
1,0
0,0
0,0
2,0
0,0
0,0
1,0
1,0
0,0
1,0
1,0
3,0
4,0
0,0
1,0
2,0
0,0
2,0
0,0
0,0
0,0
0,0
2,0
1,0
1,0
4,0
0,0
1,0
0,0
0,0
0,0
7,0
5,0
1,0
1,0
3,0
1,0
3,0
0,0
0,0
0,0
1,0
0,0
0,0
2,0
1,0
0,0
0,0
0,0
0,0
1,0
1,0
0,0
1,0
3,0
3,0
0,0
0,0
0,0
2,0
1,0
0,0
0,0
2,0
2,0
0,0
1,0
1,0
2,0
0,0
0,0
1,0
0,0
0,0
0,0
0,0
4,0
0,0
1,0
1,0
0,0
0,0
0,0
0,0
0,0
0,0
0,0
1,0
48,0
62,0
60,0
24,0
0,0
1,0
1,0
0,0
0,0
0,0
1,0
0,0
0,0
0,0
0,0
3,0
0,0
0,0
0,0
0,0
0,0
0,0
0,0
0,0
2,0
1,0
0,0
0,0
1,0
0,0
0,0
0,0
2,0
0,0
0,0
0,0
0,0
0,0
1,0
1,0
0,0
0,0
0,0
0,0
1,0
1,0
0,0
0,0
1,0
0,0
0,0
0,0
0,0
0,0
0,0
0,0
0,0
0,0
0,0
0,0
0,0
0,0
1,0
0,0
2,0
0,0
0,0
0,0
1,0
0,0
0,0
0,0
0,0
0,0
0,0
0,0
0,0
0,0
0,0
0,0
0,0
0,0
0,0
0,0
0,0
0,0
0,0
0,0
0,0
0,0
0,0
0,0
0,0
0,0
0,0
0,0
0,0
0,0
0,0
0,0
1,0
0,0
0,0
0,0
0,0
0,0
0,0
0,0
0,0
0,0
1,0
0,0
0,0
0,0
0,0
0,0
0,0
0,0
0,0
0,0
0,0
0,0
0,0
0,0
0,0
0,0
0,0
0,0
0,0
0,0
0,0
0,0
0,0
0,0
0,0
0,0
4,0
0,0
0,0
0,0
0,0
0,0
0,0
0,0
0,0
2,0
1,0
0,0
0,0
0,0
0,0
1,0
0,0
2,0
7,0
0,0
0,0
0,0
2,0
0,0
1,0
0,0
0,0
0,0
0,0
1,0
0,0
3,0
1,0
1,0
1,0
4,0
2,0
0,0
0,0
0,0
0,0
0,0
0,0
0,0
0,0
2,0
1,0
0,0
0,0
0,0
2,0
1,0
0,0
1,0
0,0
3,0
3,0
1,0
0,0
1,0
1,0
0,0
0,0
14,0
0,0
0,0
0,0
1,0
0,0
0,0
0,0
1,0
0,0
0,0
1,0
1,0
1,0
0,0
0,0
0,0
5,0
0,0
0,0
0,0
0,0
10,0
0,0
1,0
3,0
1,0
1,0
1,0
0,0
1,0
2,0
0,0
2,0
2,0
1,0
0,0
2,0
0,0
0,0
0,0
0,0
0,0
0,0
0,0
0,0
2,0
0,0
0,0
1,0
2,0
2,0
1,0
2,0
1,0
0,0
0,0
5,0
4,0
1,0
0,0
0,0
0,0
0,0
1,0
1,0
1,0
0,0
0,0
1,0
0,0
2,0
0,0
0,0
0,0
0,0
0,0
1,0
1,0
1,0
2,0
0,0
2,0
1,0
1,0
1,0
0,0
0,0
0,0
0,0
1,0
0,0
0,0
1,0
1,0
0,0
0,0
0,0
0,0
0,0
1,0
0,0
0,0
0,0
1,0
0,0
1,0
1,0
1,0
2,0
0,0
0,0
0,0
0,0
1,0
0,0
2,0
1,0
1,0
0,0
3,0
0,0
0,0
0,0
0,0
0,0
1,0
0,0
1,0
0,0
0,0
1,0
0,0
0,0
2,0
0,0
1,0
1,0
0,0
0,0
0,0
0,0
0,0
0,0
1,0
0,0
0,0
0,0
0,0
0,0
0,0
1,0
1,0
0,0
0,0
0,0
0,0
0,0
0,0
0,0
0,0
0,0
0,0
0,0
0,0
0,0
0,0
0,0
0,0
0,0
0,0
0,0
0,0
0,0
0,0
3,0
0,0
0,0
0,0
0,0
0,0
0,0
0,0
0,0
0,0
0,0
0,0
0,0
0,0
0,0
0,0
0,0
0,0
0,0
0,0
0,0
0,0
0,0
0,0
0,0
0,0
0,0
0,0
0,0
0,0
0,0
1,0
0,0
0,0
0,0
0,0
0,0
0,0
0,0
0,0
6,0
0,0
1,0
2,0
0,0
1,0
0,0
0,0
0,0
0,0
0,0
0,0
0,0
0,0
1,0
0,0
2,0
0,0
0,0
0,0
4,0
1,0
0,0
1,0
1,0
2,0
0,0
0,0
0,0
1,0
3,0
0,0
1,0
1,0
2,0
5,0
1,0
0,0
0,0
1,0
0,0
1,0
0,0
0,0
0,0
0,0
0,0
0,0
3,0
0,0
1,0
1,0
0,0
0,0
0,0
0,0
0,0
0,0
0,0
1,0
6,0
1,0
0,0
5,0
2,0
0,0
0,0
4,0
2,0
1,0
0,0
1,0
1,0
1,0
0,0
0,0
2,0
1,0
1,0
1,0
0,0
1,0
0,0
0,0
0,0
0,0
0,0
2,0
2,0
3,0
3,0
2,0
2,0
0,0
2,0
5,0
0,0
1,0
6,0
2,0
0,0
1,0
1,0
0,0
1,0
0,0
7,0
0,0
1,0
3,0
0,0
0,0
0,0
0,0
1,0
0,0
1,0
1,0
0,0
0,0
1,0
4,0
0,0
1,0
2,0
3,0
0,0
2,0
3,0
8,0
0,0
2,0
0,0
1,0
0,0
0,0
2,0
1,0
0,0
0,0
0,0
0,0
2,0
1,0
1,0
1,0
2,0
0,0
0,0
0,0
0,0
0,0
0,0
0,0
0,0
0,0
0,0
1,0
2,0
1,0
0,0
0,0
0,0
1,0
1,0
1,0
0,0
2,0
0,0
0,0
0,0
2,0
0,0
0,0
2,0
0,0
0,0
0,0
1,0
2,0
1,0
3,0
0,0
0,0
0,0
1,0
0,0
1,0
0,0
0,0
0,0
0,0
0,0
0,0
0,0
1,0
0,0
0,0
0,0
4,0
0,0
0,0
1,0
0,0
0,0
5,0
1,0
1,0
0,0
0,0
0,0
0,0
0,0
2,0
0,0
0,0
0,0
0,0
0,0
0,0
1,0
0,0
0,0
1,0
1,0
0,0
0,0
0,0
0,0
0,0
0,0
0,0
0,0
0,0
0,0
0,0
0,0
0,0
0,0
0,0
0,0
0,0
0,0
0,0
0,0
0,0
0,0
2,0
1,0
0,0
0,0
0,0
0,0
1,0
0,0
0,0
0,0
0,0
0,0
0,0
0,0
0,0
0,0
0,0
0,0
0,0
0,0
0,0
0,0
0,0
0,0
0,0
0,0
0,0
0,0
0,0
0,0
0,0
0,0
0,0
0,0
0,0
0,0
0,0
0,0
0,0
0,0
0,0
1,0
0,0
0,0
0,0
0,0
1,0
0,0
1,0
0,0
0,0
2,0
1,0
0,0
0,0
0,0
0,0
0,0
0,0
0,0
0,0
3,0
1,0
4,0
4,0
0,0
0,0
4,0
0,0
0,0
0,0
1,0
0,0
4,0
0,0
0,0
0,0
1,0
2,0
0,0
0,0
0,0
0,0
3,0
1,0
1,0
1,0
1,0
0,0
2,0
1,0
2,0
2,0
0,0
0,0
2,0
1,0
0,0
1,0
0,0
0,0
0,0
2,0
5,0
1,0
3,0
0,0
3,0
0,0
0,0
0,0
0,0
0,0
0,0
0,0
1,0
2,0
0,0
0,0
2,0
0,0
0,0
1,0
1,0
0,0
1,0
1,0
3,0
1,0
1,0
0,0
0,0
1,0
2,0
0,0
7,0
0,0
0,0
3,0
0,0
0,0
0,0
4,0
0,0
3,0
0,0
0,0
0,0
0,0
0,0
0,0
1,0
0,0
1,0
0,0
2,0
0,0
2,0
0,0
0,0
0,0
0,0
0,0
1,0
0,0
0,0
2,0
0,0
1,0
1,0
5,0
2,0
2,0
4,0
2,0
0,0
0,0
0,0
1,0
1,0
0,0
1,0
0,0
1,0
1,0
0,0
6,0
0,0
0,0
1,0
0,0
0,0
3,0
1,0
1,0
0,0
0,0
0,0
2,0
0,0
0,0
2,0
0,0
3,0
0,0
0,0
0,0
0,0
0,0
0,0
1,0
0,0
0,0
0,0
0,0
1,0
0,0
1,0
1,0
0,0
0,0
1,0
0,0
0,0
0,0
0,0
2,0
1,0
0,0
0,0
0,0
0,0
0,0
0,0
1,0
2,0
0,0
0,0
0,0
0,0
2,0
0,0
0,0
1,0
0,0
0,0
0,0
0,0
2,0
0,0
0,0
0,0
0,0
0,0
1,0
0,0
0,0
0,0
0,0
0,0
0,0
0,0
0,0
0,0
0,0
0,0
0,0
0,0
2,0
0,0
0,0
0,0
0,0
0,0
0,0
0,0
0,0
0,0
1,0
0,0
0,0
0,0
0,0
0,0
4,0
0,0
0,0
0,0
0,0
0,0
0,0
0,0
1,0
0,0
0,0
0,0
0,0
0,0
0,0
0,0
0,0
0,0
0,0
0,0
0,0
0,0
0,0
0,0
0,0
0,0
0,0
0,0
0,0
0,0
0,0
0,0
0,0
0,0
0,0
1,0
0,0
0,0
0,0
0,0
0,0
0,0
0,0
0,0
0,0
1,0
1,0
0,0
0,0
0,0
0,0
0,0
0,0
0,0
0,0
0,0
0,0
0,0
0,0
0,0
0,0
0,0
0,0
0,0
0,0
0,0
0,0
0,0
0,0
0,0
0,0
0,0
2,0
0,0
0,0
0,0
1,0
3,0
0,0
2,0
0,0
0,0
0,0
0,0
2,0
1,0
0,0
1,0
6,0
1,0
2,0
2,0
1,0
0,0
3,0
4,0
0,0
0,0
1,0
0,0
0,0
1,0
0,0
4,0
3,0
0,0
0,0
0,0
0,0
2,0
0,0
0,0
0,0
0,0
1,0
1,0
1,0
1,0
0,0
0,0
2,0
0,0
3,0
1,0
0,0
0,0
0,0
0,0
2,0
0,0
7,0
1,0
1,0
1,0
0,0
0,0
0,0
0,0
0,0
2,0
0,0
5,0
3,0
0,0
1,0
4,0
0,0
0,0
0,0
0,0
1,0
0,0
0,0
1,0
0,0
1,0
1,0
0,0
1,0
0,0
3,0
0,0
0,0
3,0
3,0
0,0
3,0
3,0
2,0
1,0
0,0
1,0
1,0
1,0
1,0
0,0
4,0
1,0
0,0
2,0
7,0
3,0
1,0
0,0
0,0
0,0
0,0
1,0
0,0
1,0
0,0
0,0
0,0
0,0
0,0
1,0
0,0
3,0
1,0
1,0
1,0
0,0
1,0
0,0
1,0
1,0
0,0
0,0
0,0
0,0
0,0
0,0
0,0
0,0
0,0
1,0
0,0
0,0
0,0
0,0
1,0
0,0
0,0
1,0
1,0
0,0
0,0
0,0
0,0
3,0
0,0
0,0
7,0
2,0
2,0
0,0
0,0
1,0
3,0
0,0
0,0
0,0
0,0
0,0
2,0
0,0
0,0
0,0
0,0
0,0
0,0
0,0
0,0
1,0
0,0
0,0
0,0
0,0
0,0
0,0
0,0
2,0
0,0
0,0
0,0
0,0
1,0
0,0
0,0
2,0
0,0
0,0
0,0
0,0
0,0
0,0
0,0
1,0
0,0
0,0
0,0
0,0
0,0
1,0
0,0
0,0
0,0
0,0
0,0
0,0
0,0
0,0
1,0
0,0
0,0
0,0
0,0
0,0
0,0
0,0
0,0
0,0
0,0
0,0
0,0
4,0
0,0
0,0
0,0
0,0
0,0
0,0
0,0
0,0
0,0
0,0
0,0
0,0
0,0
0,0
0,0
0,0
0,0
0,0
0,0
0,0
0,0
0,0
0,0
0,0
1,0
3,0
0,0
0,0
0,0
0,0
1,0
2,0
1,0
0,0
0,0
0,0
0,0
0,0
0,0
5,0
0,0
1,0
0,0
0,0
1,0
0,0
0,0
0,0
0,0
1,0
0,0
0,0
0,0
2,0
0,0
0,0
1,0
1,0
1,0
4,0
2,0
0,0
1,0
1,0
0,0
0,0
1,0
0,0
1,0
1,0
0,0
0,0
1,0
1,0
1,0
0,0
0,0
1,0
1,0
2,0
0,0
0,0
0,0
0,0
1,0
3,0
1,0
0,0
0,0
0,0
0,0
0,0
1,0
0,0
0,0
0,0
0,0
0,0
1,0
0,0
0,0
0,0
0,0
0,0
0,0
0,0
0,0
0,0
0,0
0,0
0,0
1,0
2,0
2,0
0,0
1,0
2,0
1,0
1,0
1,0
0,0
0,0
1,0
0,0
0,0
0,0
3,0
0,0
0,0
1,0
2,0
4,0
4,0
0,0
0,0
1,0
0,0
2,0
1,0
3,0
0,0
0,0
1,0
2,0
3,0
0,0
0,0
0,0
7,0
0,0
0,0
0,0
0,0
1,0
2,0
0,0
1,0
1,0
2,0
0,0
5,0
0,0
0,0
0,0
1,0
1,0
0,0
1,0
1,0
0,0
3,0
0,0
0,0
0,0
0,0
4,0
1,0
0,0
0,0
1,0
0,0
0,0
0,0
0,0
3,0
0,0
0,0
0,0
2,0
1,0
0,0
0,0
0,0
1,0
0,0
1,0
0,0
0,0
0,0
0,0
0,0
0,0
0,0
0,0
0,0
0,0
0,0
0,0
0,0
0,0
0,0
0,0
2,0
0,0
0,0
0,0
0,0
4,0
0,0
0,0
0,0
0,0
0,0
0,0
0,0
0,0
1,0
0,0
0,0
1,0
0,0
1,0
0,0
0,0
1,0
1,0
4,0
0,0
0,0
0,0
0,0
0,0
0,0
0,0
0,0
0,0
0,0
0,0
0,0
0,0
0,0
2,0
0,0
0,0
0,0
0,0
0,0
2,0
1,0
1,0
0,0
2,0
0,0
0,0
0,0
0,0
0,0
0,0
0,0
0,0
0,0
1,0
0,0
0,0
0,0
0,0
0,0
0,0
0,0
0,0
0,0
0,0
0,0
0,0
0,0
0,0
0,0
0,0
0,0
0,0
0,0
0,0
0,0
0,0
0,0
0,0
0,0
0,0
0,0
0,0
0,0
0,0
0,0
0,0
0,0
0,0
0,0
0,0
0,0
0,0
0,0
0,0
0,0
0,0
0,0
0,0
0,0
1,0
1,0
0,0
0,0
0,0
1,0
1,0
0,0
0,0
0,0
1,0
0,0
1,0
0,0
0,0
0,0
1,0
0,0
0,0
0,0
0,0
0,0
0,0
0,0
0,0
0,0
0,0
1,0
1,0
1,0
0,0
1,0
1,0
0,0
3,0
1,0
2,0
0,0
0,0
0,0
0,0
0,0
1,0
0,0
1,0
0,0
1,0
1,0
1,0
2,0
0,0
1,0
2,0
0,0
0,0
0,0
1,0
0,0
1,0
0,0
0,0
0,0
0,0
0,0
5,0
0,0
0,0
0,0
0,0
1,0
0,0
0,0
1,0
1,0
1,0
0,0
1,0
0,0
0,0
0,0
0,0
1,0
0,0
0,0
0,0
1,0
0,0
0,0
1,0
0,0
0,0
0,0
1,0
0,0
0,0
0,0
0,0
0,0
0,0
2,0
2,0
0,0
0,0
0,0
0,0
0,0
0,0
0,0
0,0
1,0
1,0
0,0
1,0
1,0
0,0
0,0
0,0
0,0
0,0
0,0
0,0
0,0
1,0
0,0
1,0
0,0
0,0
1,0
0,0
0,0
0,0
0,0
6,0
2,0
0,0
0,0
1,0
0,0
1,0
3,0
0,0
2,0
0,0
2,0
0,0
0,0
0,0
0,0
6,0
0,0
0,0
0,0
1,0
2,0
2,0
0,0
0,0
0,0
1,0
2,0
1,0
2,0
0,0
1,0
0,0
0,0
0,0
0,0
0,0
0,0
0,0
0,0
0,0
0,0
0,0
3,0
0,0
2,0
0,0
0,0
0,0
0,0
0,0
0,0
3,0
1,0
1,0
0,0
0,0
0,0
0,0
0,0
1,0
0,0
2,0
0,0
0,0
0,0
0,0
0,0
1,0
0,0
1,0
0,0
0,0
0,0
0,0
0,0
0,0
0,0
0,0
1,0
0,0
0,0
0,0
2,0
1,0
0,0
0,0
0,0
0,0
0,0
0,0
0,0
0,0
0,0
0,0
1,0
0,0
0,0
0,0
0,0
0,0
0,0
0,0
0,0
0,0
0,0
0,0
0,0
0,0
0,0
0,0
0,0
0,0
0,0
0,0
0,0
0,0
0,0
0,0
0,0
0,0
0,0
0,0
0,0
0,0
0,0
0,0
0,0
1,0
0,0
0,0
0,0
0,0
0,0
0,0
0,0
0,0
0,0
0,0
0,0
0,0
0,0
0,0
0,0
0,0
1,0
0,0
0,0
0,0
0,0
3,0
0,0
0,0
0,0
0,0
0,0
0,0
1,0
0,0
0,0
2,0
1,0
0,0
0,0
0,0
0,0
0,0
0,0
0,0
0,0
0,0
6,0
1,0
0,0
0,0
0,0
1,0
0,0
0,0
1,0
0,0
0,0
0,0
0,0
0,0
1,0
0,0
0,0
0,0
1,0
1,0
2,0
1,0
2,0
0,0
0,0
0,0
0,0
0,0
0,0
1,0
2,0
1,0
0,0
0,0
1,0
0,0
0,0
0,0
0,0
2,0
0,0
0,0
1,0
0,0
0,0
0,0
0,0
1,0
0,0
0,0
0,0
0,0
0,0
3,0
0,0
0,0
0,0
0,0
0,0
0,0
0,0
0,0
1,0
0,0
0,0
1,0
0,0
0,0
1,0
0,0
0,0
0,0
0,0
0,0
1,0
0,0
0,0
1,0
0,0
2,0
0,0
0,0
1,0
0,0
0,0
0,0
0,0
0,0
0,0
0,0
0,0
0,0
0,0
0,0
0,0
0,0
0,0
0,0
1,0
0,0
3,0
0,0
0,0
0,0
0,0
1,0
0,0
2,0
1,0
0,0
11,0
0,0
0,0
0,0
1,0
0,0
0,0
0,0
0,0
0,0
0,0
1,0
1,0
0,0
0,0
0,0
0,0
0,0
0,0
0,0
0,0
2,0
0,0
0,0
0,0
1,0
0,0
0,0
0,0
0,0
0,0
0,0
0,0
1,0
0,0
0,0
1,0
1,0
0,0
0,0
2,0
0,0
0,0
0,0
0,0
1,0
0,0
0,0
0,0
2,0
0,0
1,0
0,0
0,0
0,0
1,0
0,0
2,0
0,0
0,0
1,0
0,0
1,0
1,0
1,0
1,0
0,0
0,0
0,0
0,0
1,0
0,0
0,0
0,0
0,0
0,0
0,0
0,0
0,0
0,0
0,0
0,0
0,0
0,0
0,0
0,0
2,0
0,0
0,0
0,0
0,0
0,0
0,0
0,0
0,0
0,0
0,0
0,0
0,0
1,0
1,0
0,0
0,0
0,0
1,0
0,0
0,0
0,0
0,0
0,0
0,0
0,0
0,0
0,0
0,0
0,0
0,0
0,0
0,0
0,0
0,0
0,0
0,0
0,0
0,0
0,0
0,0
0,0
0,0
0,0
0,0
0,0
0,0
0,0
0,0
0,0
0,0
0,0
0,0
0,0
0,0
0,0
0,0
0,0
0,0
0,0
0,0
0,0
0,0
0,0
0,0
0,0
1,0
0,0
0,0
0,0
0,0
0,0
0,0
0,0
0,0
0,0
0,0
0,0
0,0
0,0
0,0
0,0
0,0
0,0
0,0
0,0
0,0
0,0
0,0
0,0
0,0
0,0
0,0
1,0
1,0
0,0
1,0
0,0
0,0
0,0
1,0
0,0
0,0
0,0
1,0
0,0
0,0
0,0
2,0
1,0
0,0
0,0
0,0
1,0
0,0
0,0
2,0
1,0
0,0
0,0
0,0
0,0
0,0
0,0
1,0
0,0
2,0
0,0
1,0
0,0
0,0
1,0
0,0
3,0
1,0
0,0
0,0
0,0
1,0
0,0
0,0
0,0
1,0
0,0
1,0
2,0
1,0
2,0
1,0
0,0
0,0
0,0
0,0
1,0
0,0
0,0
0,0
1,0
0,0
0,0
0,0
0,0
1,0
0,0
0,0
0,0
0,0
0,0
0,0
0,0
2,0
1,0
1,0
0,0
0,0
0,0
1,0
1,0
1,0
0,0
1,0
3,0
0,0
0,0
0,0
2,0
1,0
0,0
0,0
0,0
0,0
0,0
0,0
0,0
0,0
0,0
0,0
0,0
0,0
0,0
0,0
0,0
0,0
0,0
0,0
0,0
1,0
0,0
0,0
1,0
0,0
0,0
1,0
0,0
0,0
0,0
0,0
0,0
1,0
0,0
0,0
0,0
0,0
0,0
0,0
0,0
0,0
0,0
0,0
0,0
0,0
1,0
0,0
0,0
0,0
1,0
0,0
0,0
2,0
0,0
0,0
0,0
1,0
0,0
0,0
0,0
2,0
0,0
0,0
0,0
2,0
1,0
1,0
0,0
1,0
0,0
0,0
0,0
0,0
0,0
0,0
0,0
0,0
1,0
0,0
0,0
4,0
0,0
0,0
3,0
1,0
0,0
0,0
1,0
0,0
0,0
0,0
0,0
1,0
0,0
0,0
0,0
0,0
1,0
0,0
0,0
0,0
0,0
0,0
0,0
0,0
0,0
1,0
0,0
0,0
3,0
0,0
0,0
0,0
0,0
0,0
0,0
0,0
0,0
0,0
0,0
0,0
0,0
0,0
0,0
0,0
0,0
0,0
0,0
0,0
0,0
0,0
0,0
0,0
0,0
0,0
0,0
0,0
0,0
0,0
0,0
0,0
0,0
0,0
2,0
0,0
0,0
0,0
0,0
0,0
0,0
0,0
0,0
0,0
0,0
0,0
0,0
0,0
0,0
0,0
0,0
0,0
0,0
0,0
1,0
0,0
0,0
0,0
0,0
0,0
0,0
0,0
0,0
0,0
0,0
0,0
0,0
1,0
0,0
0,0
0,0
0,0
1,0
0,0
1,0
1,0
1,0
5,0
0,0
0,0
0,0
0,0
0,0
0,0
0,0
0,0
0,0
0,0
1,0
1,0
0,0
0,0
0,0
1,0
1,0
0,0
0,0
0,0
0,0
0,0
0,0
1,0
0,0
0,0
0,0
1,0
0,0
0,0
0,0
1,0
0,0
0,0
0,0
0,0
1,0
1,0
0,0
0,0
1,0
1,0
0,0
1,0
0,0
1,0
0,0
1,0
0,0
0,0
0,0
0,0
0,0
0,0
1,0
0,0
0,0
0,0
2,0
1,0
0,0
1,0
2,0
1,0
1,0
0,0
0,0
0,0
0,0
0,0
0,0
1,0
2,0
0,0
0,0
3,0
0,0
1,0
0,0
0,0
0,0
1,0
0,0
1,0
0,0
1,0
0,0
0,0
1,0
1,0
0,0
4,0
0,0
2,0
9,0
0,0
0,0
0,0
3,0
0,0
1,0
0,0
0,0
2,0
1,0
3,0
2,0
0,0
0,0
1,0
1,0
0,0
0,0
0,0
0,0
0,0
0,0
2,0
0,0
1,0
0,0
0,0
0,0
1,0
0,0
0,0
0,0
1,0
3,0
2,0
1,0
1,0
1,0
1,0
1,0
1,0
0,0
1,0
1,0
0,0
0,0
0,0
2,0
1,0
0,0
0,0
1,0
0,0
0,0
0,0
0,0
1,0
0,0
0,0
0,0
1,0
1,0
0,0
0,0
0,0
1,0
1,0
0,0
1,0
0,0
0,0
0,0
1,0
3,0
0,0
0,0
0,0
0,0
0,0
0,0
0,0
1,0
0,0
1,0
0,0
0,0
0,0
1,0
0,0
1,0
0,0
0,0
0,0
0,0
1,0
1,0
1,0
0,0
1,0
0,0
0,0
0,0
0,0
0,0
0,0
0,0
0,0
0,0
0,0
0,0
0,0
1,0
1,0
0,0
1,0
0,0
0,0
0,0
2,0
0,0
0,0
0,0
0,0
0,0
0,0
0,0
0,0
0,0
0,0
0,0
0,0
0,0
1,0
0,0
0,0
0,0
0,0
0,0
0,0
0,0
0,0
0,0
0,0
0,0
0,0
0,0
0,0
0,0
0,0
0,0
0,0
0,0
0,0
0,0
0,0
0,0
0,0
0,0
0,0
0,0
0,0
0,0
0,0
0,0
0,0
0,0
0,0
0,0
0,0
0,0
0,0
0,0
0,0
0,0
0,0
0,0
0,0
0,0
0,0
0,0
1,0
0,0
0,0
0,0
2,0
0,0
0,0
0,0
0,0
0,0
0,0
0,0
0,0
0,0
0,0
1,0
0,0
0,0
0,0
0,0
1,0
1,0
0,0
2,0
0,0
0,0
1,0
0,0
0,0
1,0
0,0
0,0
0,0
3,0
0,0
0,0
0,0
0,0
0,0
0,0
0,0
14,0
6,0
0,0
2,0
1,0
1,0
0,0
0,0
0,0
1,0
0,0
0,0
2,0
1,0
0,0
3,0
0,0
2,0
0,0
5,0
3,0
0,0
1,0
1,0
0,0
0,0
1,0
0,0
1,0
0,0
1,0
1,0
0,0
0,0
0,0
0,0
1,0
5,0
0,0
0,0
0,0
0,0
0,0
1,0
0,0
0,0
1,0
0,0
0,0
4,0
3,0
0,0
1,0
0,0
0,0
0,0
0,0
0,0
0,0
0,0
0,0
3,0
1,0
1,0
1,0
0,0
1,0
2,0
0,0
2,0
1,0
2,0
0,0
0,0
0,0
1,0
2,0
2,0
0,0
2,0
0,0
0,0
0,0
1,0
0,0
0,0
0,0
3,0
0,0
0,0
0,0
0,0
0,0
0,0
1,0
1,0
1,0
0,0
0,0
7,0
0,0
0,0
0,0
0,0
0,0
1,0
0,0
1,0
1,0
0,0
0,0
1,0
0,0
1,0
0,0
0,0
1,0
1,0
0,0
3,0
0,0
0,0
0,0
1,0
1,0
0,0
0,0
0,0
0,0
0,0
1,0
2,0
0,0
0,0
1,0
0,0
1,0
0,0
0,0
0,0
1,0
1,0
0,0
0,0
0,0
0,0
0,0
0,0
0,0
0,0
0,0
0,0
0,0
0,0
0,0
1,0
1,0
1,0
0,0
0,0
0,0
1,0
0,0
0,0
0,0
0,0
0,0
1,0
0,0
0,0
0,0
0,0
0,0
0,0
0,0
1,0
1,0
0,0
0,0
0,0
1,0
1,0
0,0
0,0
0,0
0,0
0,0
0,0
1,0
0,0
0,0
0,0
0,0
0,0
0,0
0,0
0,0
0,0
0,0
0,0
0,0
0,0
0,0
0,0
0,0
0,0
0,0
0,0
0,0
0,0
0,0
0,0
0,0
0,0
2,0
0,0
1,0
0,0
0,0
0,0
0,0
0,0
0,0
0,0
0,0
0,0
0,0
0,0
0,0
0,0
0,0
1,0
0,0
0,0
0,0
0,0
0,0
0,0
0,0
0,0
0,0
1,0
0,0
0,0
0,0
0,0
0,0
0,0
0,0
0,0
0,0
0,0
0,0
1,0
1,0
2,0
2,0
1,0
2,0
0,0
2,0
0,0
0,0
0,0
1,0
1,0
0,0
1,0
0,0
0,0
0,0
0,0
0,0
0,0
0,0
0,0
0,0
5,0
1,0
1,0
2,0
0,0
0,0
0,0
1,0
0,0
1,0
3,0
0,0
0,0
1,0
2,0
0,0
1,0
1,0
1,0
2,0
0,0
0,0
1,0
1,0
0,0
1,0
1,0
1,0
2,0
5,0
3,0
0,0
1,0
4,0
1,0
1,0
1,0
0,0
1,0
2,0
0,0
1,0
0,0
1,0
1,0
0,0
0,0
1,0
2,0
1,0
0,0
0,0
0,0
0,0
0,0
1,0
2,0
0,0
0,0
1,0
0,0
4,0
1,0
0,0
1,0
0,0
0,0
1,0
0,0
0,0
0,0
3,0
0,0
1,0
0,0
0,0
0,0
0,0
1,0
0,0
0,0
0,0
0,0
1,0
0,0
0,0
2,0
0,0
0,0
1,0
1,0
0,0
0,0
0,0
1,0
1,0
2,0
1,0
0,0
0,0
0,0
0,0
0,0
1,0
0,0
0,0
0,0
0,0
0,0
0,0
0,0
0,0
0,0
0,0
2,0
1,0
0,0
0,0
0,0
2,0
2,0
0,0
0,0
0,0
0,0
0,0
0,0
1,0
3,0
0,0
2,0
1,0
2,0
0,0
0,0
0,0
2,0
0,0
0,0
0,0
1,0
0,0
0,0
0,0
0,0
0,0
3,0
0,0
0,0
0,0
0,0
3,0
1,0
2,0
0,0
0,0
0,0
0,0
0,0
1,0
1,0
0,0
0,0
0,0
0,0
1,0
0,0
2,0
2,0
0,0
0,0
2,0
0,0
0,0
2,0
1,0
0,0
0,0
0,0
0,0
1,0
0,0
0,0
0,0
1,0
0,0
0,0
1,0
0,0
0,0
0,0
0,0
0,0
0,0
0,0
0,0
0,0
0,0
2,0
1,0
0,0
0,0
0,0
0,0
0,0
0,0
0,0
0,0
0,0
0,0
0,0
0,0
0,0
0,0
0,0
0,0
0,0
0,0
0,0
0,0
0,0
0,0
0,0
0,0
0,0
1,0
0,0
0,0
0,0
0,0
1,0
0,0
1,0
0,0
0,0
0,0
0,0
1,0
0,0
0,0
0,0
0,0
0,0
0,0
0,0
0,0
0,0
0,0
0,0
0,0
0,0
0,0
0,0
0,0
0,0
0,0
0,0
0,0
0,0
0,0
0,0
0,0
0,0
0,0
0,0
2,0
0,0
0,0
0,0
1,0
0,0
0,0
0,0
1,0
0,0
0,0
0,0
0,0
0,0
0,0
0,0
2,0
0,0
0,0
0,0
1,0
0,0
0,0
0,0
4,0
2,0
1,0
1,0
1,0
0,0
1,0
0,0
1,0
0,0
1,0
0,0
0,0
0,0
2,0
0,0
8,0
0,0
1,0
0,0
0,0
0,0
0,0
1,0
0,0
0,0
0,0
0,0
2,0
4,0
0,0
2,0
1,0
0,0
0,0
0,0
0,0
0,0
0,0
0,0
1,0
0,0
1,0
0,0
0,0
0,0
0,0
0,0
0,0
0,0
0,0
0,0
0,0
0,0
0,0
0,0
1,0
1,0
0,0
1,0
0,0
1,0
0,0
1,0
2,0
0,0
0,0
0,0
0,0
0,0
1,0
1,0
3,0
0,0
0,0
0,0
0,0
1,0
2,0
1,0
1,0
0,0
3,0
0,0
1,0
2,0
0,0
1,0
0,0
1,0
0,0
3,0
2,0
0,0
0,0
0,0
0,0
1,0
0,0
1,0
0,0
0,0
0,0
6,0
2,0
2,0
1,0
2,0
4,0
0,0
1,0
0,0
1,0
1,0
0,0
0,0
0,0
0,0
0,0
0,0
0,0
0,0
0,0
0,0
0,0
0,0
0,0
0,0
0,0
0,0
0,0
0,0
1,0
0,0
1,0
0,0
1,0
0,0
0,0
1,0
0,0
0,0
0,0
1,0
14,0
1,0
0,0
1,0
0,0
2,0
1,0
0,0
0,0
0,0
0,0
0,0
0,0
0,0
1,0
1,0
0,0
0,0
0,0
0,0
1,0
0,0
1,0
0,0
0,0
0,0
0,0
0,0
0,0
1,0
0,0
0,0
0,0
1,0
0,0
1,0
0,0
0,0
0,0
0,0
0,0
0,0
0,0
0,0
1,0
0,0
0,0
0,0
0,0
0,0
0,0
0,0
0,0
1,0
0,0
0,0
0,0
0,0
1,0
0,0
0,0
0,0
0,0
0,0
0,0
0,0
0,0
0,0
0,0
0,0
0,0
0,0
0,0
0,0
0,0
0,0
0,0
0,0
0,0
0,0
0,0
0,0
0,0
1,0
0,0
0,0
0,0
0,0
0,0
0,0
0,0
0,0
0,0
0,0
1,0
0,0
0,0
0,0
0,0
0,0
0,0
0,0
0,0
0,0
0,0
1,0
1,0
0,0
0,0
0,0
0,0
0,0
0,0
1,0
0,0
0,0
0,0
0,0
0,0
0,0
0,0
0,0
0,0
1,0
1,0
0,0
0,0
1,0
2,0
0,0
0,0
0,0
1,0
0,0
0,0
0,0
0,0
0,0
4,0
1,0
0,0
0,0
1,0
1,0
0,0
0,0
1,0
0,0
1,0
0,0
0,0
0,0
6,0
0,0
1,0
2,0
2,0
0,0
2,0
1,0
0,0
2,0
0,0
0,0
0,0
0,0
1,0
1,0
0,0
1,0
1,0
0,0
2,0
0,0
0,0
0,0
0,0
0,0
1,0
0,0
1,0
1,0
0,0
0,0
1,0
2,0
0,0
0,0
1,0
0,0
0,0
0,0
0,0
1,0
1,0
0,0
2,0
0,0
1,0
1,0
0,0
1,0
0,0
0,0
0,0
1,0
3,0
2,0
0,0
1,0
0,0
2,0
0,0
2,0
2,0
0,0
0,0
1,0
0,0
1,0
1,0
3,0
0,0
0,0
1,0
4,0
0,0
1,0
0,0
3,0
0,0
0,0
0,0
0,0
0,0
0,0
0,0
0,0
0,0
1,0
2,0
1,0
1,0
0,0
1,0
0,0
2,0
1,0
2,0
0,0
0,0
2,0
0,0
0,0
0,0
0,0
0,0
0,0
1,0
0,0
0,0
0,0
0,0
0,0
1,0
2,0
0,0
0,0
6,0
1,0
0,0
0,0
1,0
0,0
0,0
0,0
1,0
0,0
0,0
0,0
0,0
0,0
0,0
0,0
0,0
0,0
1,0
1,0
0,0
0,0
0,0
1,0
0,0
0,0
0,0
0,0
1,0
0,0
0,0
0,0
1,0
0,0
0,0
0,0
0,0
1,0
0,0
0,0
0,0
1,0
0,0
1,0
0,0
0,0
0,0
1,0
1,0
0,0
0,0
0,0
0,0
0,0
0,0
