true,pred
2,0
5,0
7,0
202,0
6,0
2,0
1,0
105,0
272,0
1,0
2,0
384,0
156,0
3,0
219,0
1,0
3,0
0,0
1,0
3,0
212,0
1,0
2,0
3,0
2,0
1,0
0,0
23,0
1,0
1,0
1,0
0,0
1,0
0,0
0,0
0,0
0,0
0,0
0,0
0,0
1,0
0,0
1,0
244,0
1,0
1,0
0,0
0,0
0,0
0,0
0,0
1,0
0,0
0,0
0,0
0,0
0,0
1,0
50,0
303,0
1,0
0,0
501,0
0,0
1,0
0,0
0,0
1,0
0,0
1,0
1,0
2,0
0,0
2,0
0,0
4,0
3,0
1,0
2,0
1,0
4,0
65,0
2,0
2,0
1,0
3,0
424,0
1,0
6,0
476,0
2,0
2,0
125,0
4,0
1,0
3,0
6,0
1,0
5,0
4,0
4,0
4,0
507,0
393,0
80,0
407,0
6,0
180,0
1127,0
4,0
8,0
4,0
388,0
576,0
1,0
7,0
7,0
366,0
313,0
13,0
9,0
6,0
4,0
407,0
188,0
5,0
7,0
2,0
2,0
9,0
265,0
3,0
2,0
3,0
5,0
118,0
3,0
3,0
10,0
2,0
8,0
6,0
3,0
14,0
3,0
6,0
114,0
104,0
354,0
992,0
291,0
70,0
5,0
6,0
30,0
212,0
65,0
904,0
7,0
427,0
6,0
9,0
8,0
403,0
87,0
3,0
212,0
460,0
6,0
4,0
7,0
7,0
2,0
2,0
148,0
4,0
14,0
136,0
128,0
10,0
4,0
300,0
7,0
2,0
5,0
326,0
1,0
164,0
3,0
1,0
166,0
1,0
2,0
226,0
210,0
78,0
2,0
5,0
2,0
0,0
2,0
2,0
302,0
4,0
4,0
2,0
3,0
1,0
3,0
361,0
3,0
3,0
5,0
5,0
31,0
5,0
6,0
15,0
0,0
389,0
34,0
24,0
4,0
3,0
6,0
11,0
9,0
11,0
4,0
97,0
0,0
2,0
8,0
1,0
6,0
2,0
3,0
11,0
454,0
8,0
5,0
7,0
0,0
15,0
7,0
194,0
2,0
156,0
605,0
4,0
6,0
3,0
1,0
100,0
10,0
40,0
97,0
14,0
49,0
120,0
10,0
1419,0
518,0
4,0
99,0
30,0
7,0
2,0
7,0
83,0
8,0
151,0
748,0
444,0
72,0
47,0
4,0
10,0
12,0
64,0
119,0
1135,0
354,0
99,0
2,0
4,0
1,0
3,0
24,0
18,0
1,0
7,0
14,0
6,0
1,0
0,0
9,0
7,0
2,0
3,0
4,0
2,0
1,0
3,0
0,0
0,0
1,0
267,0
1,0
1,0
1,0
24,0
3,0
3,0
0,0
1,0
1,0
2,0
4,0
0,0
0,0
1,0
2,0
0,0
0,0
0,0
0,0
0,0
0,0
3,0
1,0
0,0
114,0
4,0
1,0
2,0
4,0
3,0
0,0
0,0
1,0
0,0
0,0
0,0
0,0
0,0
0,0
0,0
0,0
0,0
0,0
0,0
1,0
0,0
1,0
1,0
0,0
0,0
0,0
1,0
3,0
0,0
139,0
381,0
2,0
200,0
3,0
0,0
1,0
4,0
2,0
338,0
380,0
0,0
715,0
3,0
161,0
115,0
3,0
4,0
52,0
7,0
187,0
166,0
1,0
4,0
3,0
16,0
254,0
307,0
403,0
20,0
12,0
283,0
5,0
75,0
425,0
20,0
36,0
38,0
50,0
17,0
4,0
1012,0
51,0
8,0
8,0
6,0
284,0
4,0
3,0
2,0
278,0
228,0
0,0
4,0
231,0
408,0
7,0
120,0
3,0
665,0
4,0
221,0
49,0
5,0
3,0
318,0
244,0
4,0
13,0
805,0
2,0
3,0
193,0
180,0
1,0
10,0
12,0
0,0
0,0
4,0
43,0
9,0
3,0
8,0
1,0
1,0
7,0
4,0
6,0
131,0
2,0
74,0
60,0
10,0
4,0
407,0
74,0
166,0
350,0
10,0
135,0
9,0
4,0
3,0
2,0
7,0
17,0
9,0
13,0
2,0
3,0
13,0
4,0
450,0
301,0
5,0
3,0
6,0
227,0
5,0
2,0
5,0
4,0
70,0
126,0
102,0
6,0
0,0
435,0
7,0
2,0
2,0
2,0
2,0
5,0
9,0
3,0
40,0
148,0
3,0
1,0
6,0
1,0
2,0
6,0
103,0
7,0
7,0
18,0
4,0
105,0
4,0
4,0
1,0
1,0
1,0
2,0
10,0
210,0
402,0
57,0
2,0
3,0
499,0
93,0
373,0
2,0
7,0
147,0
2,0
222,0
15,0
4,0
151,0
48,0
17,0
5,0
384,0
22,0
112,0
112,0
14,0
1,0
204,0
299,0
4,0
635,0
207,0
69,0
19,0
203,0
98,0
3,0
305,0
3,0
8,0
272,0
332,0
1344,0
379,0
753,0
729,0
237,0
6,0
10,0
5,0
65,0
494,0
121,0
4,0
5,0
44,0
4,0
4,0
623,0
309,0
2,0
11,0
3,0
1,0
2,0
2,0
0,0
302,0
2,0
19,0
1132,0
191,0
217,0
1,0
0,0
0,0
3,0
1,0
2,0
0,0
265,0
6,0
1,0
0,0
0,0
1,0
1,0
1,0
1,0
3,0
3,0
0,0
0,0
0,0
0,0
2,0
0,0
2,0
1,0
0,0
0,0
1,0
2,0
0,0
0,0
0,0
1,0
2,0
0,0
0,0
0,0
0,0
1,0
0,0
0,0
0,0
0,0
0,0
0,0
0,0
0,0
0,0
0,0
0,0
0,0
0,0
4,0
0,0
1,0
1,0
0,0
2,0
1,0
103,0
0,0
2,0
2,0
0,0
50,0
0,0
1,0
382,0
443,0
7,0
1,0
1,0
1,0
4,0
600,0
0,0
2,0
0,0
1,0
5,0
4,0
0,0
70,0
3,0
6,0
151,0
4,0
7,0
0,0
223,0
61,0
1,0
2,0
4,0
209,0
6,0
1,0
4,0
336,0
2,0
6,0
271,0
8,0
7,0
8,0
142,0
5,0
3,0
5,0
2,0
106,0
7,0
156,0
192,0
7,0
4,0
4,0
8,0
2,0
81,0
24,0
6,0
430,0
7,0
7,0
3,0
13,0
41,0
3,0
3,0
12,0
7,0
5,0
6,0
4,0
127,0
7,0
4,0
12,0
8,0
3,0
7,0
10,0
10,0
1,0
7,0
4,0
7,0
5,0
65,0
3,0
1,0
4,0
4,0
3,0
2,0
6,0
0,0
6,0
6,0
1,0
1,0
7,0
4,0
9,0
5,0
3,0
1,0
200,0
5,0
336,0
1,0
301,0
2,0
0,0
1,0
232,0
8,0
364,0
1,0
7,0
5,0
9,0
151,0
4,0
5,0
411,0
391,0
5,0
264,0
222,0
4,0
15,0
0,0
4,0
7,0
63,0
2,0
3,0
6,0
9,0
6,0
4,0
5,0
3,0
5,0
4,0
1,0
10,0
2,0
1,0
1,0
3,0
2,0
4,0
3,0
4,0
588,0
2,0
9,0
73,0
0,0
4,0
3,0
5,0
10,0
4,0
6,0
6,0
1,0
8,0
4,0
2,0
4,0
1,0
9,0
5,0
11,0
3,0
0,0
1,0
4,0
50,0
29,0
12,0
6,0
4,0
249,0
3,0
137,0
1310,0
7,0
343,0
306,0
4,0
47,0
5,0
368,0
363,0
4,0
4,0
3,0
3,0
38,0
77,0
46,0
151,0
105,0
3,0
75,0
476,0
8,0
25,0
22,0
13,0
13,0
14,0
384,0
136,0
11,0
14,0
7,0
91,0
7,0
5,0
10,0
16,0
2,0
8,0
6,0
2,0
0,0
5,0
3,0
174,0
2,0
115,0
0,0
2,0
635,0
0,0
0,0
0,0
0,0
1,0
7,0
2,0
1,0
1,0
3,0
0,0
0,0
1,0
0,0
0,0
6,0
0,0
0,0
0,0
0,0
0,0
1,0
0,0
1,0
0,0
0,0
0,0
0,0
1,0
0,0
0,0
1,0
0,0
1,0
0,0
0,0
6,0
2,0
22,0
6,0
6,0
72,0
2,0
2,0
0,0
10,0
6,0
3,0
10,0
14,0
1,0
186,0
20,0
16,0
373,0
8,0
9,0
266,0
261,0
14,0
3,0
51,0
8,0
31,0
52,0
11,0
13,0
22,0
2,0
1,0
4,0
178,0
11,0
4,0
7,0
8,0
6,0
4,0
36,0
16,0
72,0
14,0
90,0
30,0
13,0
14,0
17,0
1108,0
82,0
77,0
35,0
17,0
8,0
26,0
12,0
39,0
54,0
23,0
8,0
37,0
297,0
11,0
209,0
9,0
39,0
21,0
129,0
260,0
235,0
14,0
64,0
323,0
15,0
3,0
7,0
15,0
14,0
4,0
22,0
9,0
7,0
5,0
7,0
27,0
7,0
13,0
21,0
11,0
522,0
18,0
25,0
81,0
232,0
72,0
2,0
14,0
20,0
1,0
443,0
14,0
9,0
4,0
6,0
25,0
6,0
4,0
6,0
283,0
18,0
202,0
4,0
6,0
26,0
3,0
14,0
62,0
22,0
5,0
1,0
9,0
33,0
28,0
5,0
210,0
13,0
28,0
4,0
13,0
18,0
30,0
10,0
154,0
73,0
114,0
9,0
6,0
3,0
10,0
2,0
22,0
90,0
21,0
8,0
61,0
17,0
16,0
22,0
2,0
10,0
173,0
3,0
5,0
11,0
12,0
5,0
2,0
18,0
2,0
0,0
2,0
43,0
5,0
140,0
105,0
95,0
1,0
75,0
75,0
22,0
14,0
4,0
68,0
128,0
11,0
5,0
3,0
12,0
18,0
18,0
14,0
3,0
7,0
16,0
3,0
35,0
10,0
18,0
197,0
302,0
224,0
14,0
6,0
286,0
23,0
11,0
323,0
23,0
168,0
6,0
72,0
14,0
430,0
297,0
14,0
455,0
327,0
11,0
10,0
6,0
42,0
241,0
14,0
9,0
11,0
42,0
2,0
10,0
79,0
5,0
8,0
46,0
31,0
17,0
225,0
18,0
11,0
5,0
11,0
66,0
68,0
256,0
82,0
2,0
1,0
4,0
4,0
0,0
0,0
0,0
7,0
0,0
3,0
0,0
27,0
15,0
0,0
1,0
1,0
0,0
0,0
0,0
2,0
0,0
878,0
2,0
0,0
3,0
0,0
5,0
2,0
265,0
0,0
0,0
0,0
0,0
0,0
0,0
0,0
0,0
2,0
0,0
1,0
14,0
2,0
2,0
1,0
1,0
0,0
0,0
0,0
0,0
0,0
0,0
4,0
6,0
2,0
0,0
5,0
0,0
0,0
1,0
2,0
12,0
35,0
0,0
234,0
0,0
4,0
30,0
7,0
72,0
10,0
6,0
12,0
10,0
303,0
17,0
15,0
14,0
5,0
5,0
8,0
13,0
15,0
10,0
27,0
4,0
4,0
132,0
153,0
30,0
15,0
8,0
2,0
16,0
18,0
11,0
3,0
5,0
12,0
21,0
4,0
7,0
18,0
193,0
137,0
15,0
7,0
17,0
35,0
15,0
41,0
166,0
53,0
2,0
4,0
8,0
9,0
21,0
13,0
17,0
354,0
17,0
41,0
10,0
11,0
10,0
6,0
77,0
66,0
5,0
282,0
53,0
11,0
818,0
5,0
372,0
7,0
123,0
10,0
28,0
144,0
66,0
17,0
182,0
304,0
382,0
31,0
361,0
25,0
17,0
4,0
3,0
13,0
12,0
17,0
29,0
4,0
6,0
86,0
3,0
58,0
14,0
20,0
8,0
15,0
12,0
14,0
118,0
6,0
12,0
445,0
303,0
11,0
11,0
23,0
86,0
11,0
14,0
257,0
4,0
44,0
17,0
15,0
11,0
72,0
3,0
8,0
15,0
16,0
8,0
11,0
4,0
6,0
189,0
2,0
631,0
10,0
7,0
25,0
2075,0
3,0
317,0
30,0
7,0
25,0
30,0
377,0
3,0
6,0
499,0
7,0
3,0
3,0
11,0
7,0
7,0
65,0
10,0
10,0
22,0
6,0
5,0
8,0
7,0
183,0
2,0
113,0
3,0
29,0
138,0
238,0
7,0
7,0
25,0
10,0
140,0
202,0
3,0
28,0
11,0
7,0
7,0
14,0
14,0
158,0
197,0
124,0
13,0
9,0
37,0
9,0
58,0
329,0
226,0
93,0
18,0
18,0
10,0
101,0
21,0
23,0
14,0
5,0
28,0
6,0
10,0
201,0
16,0
80,0
225,0
16,0
9,0
66,0
8,0
4,0
36,0
3,0
15,0
9,0
9,0
63,0
91,0
21,0
3,0
17,0
23,0
38,0
1,0
7,0
9,0
5,0
12,0
3,0
31,0
38,0
3,0
3,0
1179,0
77,0
1,0
4,0
2,0
0,0
5,0
87,0
0,0
0,0
0,0
3,0
1,0
0,0
4,0
2,0
0,0
4,0
0,0
1,0
0,0
1,0
0,0
1,0
3,0
2,0
0,0
0,0
0,0
0,0
0,0
1,0
0,0
0,0
1,0
0,0
1,0
0,0
200,0
0,0
4,0
1,0
0,0
1,0
6,0
4,0
8,0
6,0
1,0
1,0
4,0
1,0
0,0
23,0
8,0
12,0
44,0
9,0
8,0
2,0
9,0
31,0
5,0
3,0
6,0
23,0
6,0
13,0
52,0
12,0
4,0
16,0
14,0
4,0
12,0
31,0
5,0
4,0
4,0
9,0
7,0
14,0
10,0
23,0
19,0
32,0
62,0
19,0
9,0
4,0
50,0
256,0
365,0
4,0
437,0
46,0
252,0
5,0
119,0
29,0
13,0
595,0
14,0
11,0
185,0
15,0
17,0
19,0
422,0
9,0
13,0
19,0
12,0
3,0
9,0
28,0
15,0
12,0
192,0
7,0
210,0
5,0
5,0
8,0
8,0
5,0
7,0
640,0
1432,0
74,0
7,0
99,0
3,0
290,0
11,0
710,0
17,0
10,0
14,0
21,0
30,0
151,0
117,0
14,0
21,0
8,0
18,0
13,0
11,0
4,0
8,0
8,0
18,0
99,0
70,0
9,0
4,0
245,0
421,0
11,0
7,0
7,0
112,0
7,0
5,0
13,0
11,0
10,0
21,0
5,0
17,0
30,0
183,0
197,0
9,0
24,0
44,0
17,0
5,0
10,0
14,0
186,0
18,0
0,0
8,0
16,0
55,0
25,0
5,0
8,0
3,0
74,0
11,0
1,0
12,0
290,0
304,0
125,0
4,0
2,0
554,0
21,0
19,0
6,0
2,0
3,0
98,0
191,0
18,0
20,0
5,0
11,0
12,0
143,0
168,0
12,0
7,0
8,0
97,0
259,0
14,0
3,0
22,0
20,0
5,0
4,0
10,0
7,0
16,0
4,0
217,0
30,0
8,0
381,0
14,0
187,0
60,0
15,0
33,0
41,0
26,0
26,0
30,0
14,0
26,0
182,0
13,0
14,0
10,0
15,0
19,0
14,0
231,0
86,0
12,0
24,0
17,0
9,0
18,0
97,0
17,0
124,0
528,0
19,0
25,0
38,0
93,0
79,0
337,0
29,0
9,0
13,0
8,0
11,0
8,0
17,0
11,0
0,0
9,0
8,0
2,0
3,0
4,0
1,0
11,0
0,0
1,0
443,0
129,0
3,0
3,0
4,0
4,0
3,0
0,0
1,0
0,0
0,0
1,0
2,0
0,0
5,0
1,0
369,0
1,0
0,0
2,0
1,0
3,0
1,0
208,0
0,0
1,0
0,0
0,0
2,0
2,0
1,0
2,0
1,0
0,0
2,0
0,0
0,0
0,0
0,0
2,0
6,0
0,0
0,0
0,0
0,0
0,0
16,0
3,0
10,0
0,0
0,0
1,0
273,0
4,0
0,0
2,0
0,0
1,0
0,0
1,0
3,0
3,0
4,0
0,0
9,0
13,0
0,0
12,0
426,0
298,0
1,0
4,0
138,0
129,0
1,0
17,0
1,0
11,0
72,0
53,0
8,0
2,0
1,0
15,0
3,0
11,0
0,0
2,0
4,0
18,0
177,0
5,0
85,0
39,0
25,0
178,0
4,0
20,0
7,0
6,0
2,0
238,0
23,0
7,0
3,0
476,0
4,0
7,0
8,0
10,0
1,0
4,0
5,0
46,0
1,0
148,0
76,0
612,0
7,0
3,0
2,0
8,0
5,0
4,0
6,0
10,0
1,0
62,0
6,0
4,0
1,0
3,0
2,0
14,0
5,0
51,0
530,0
5,0
5,0
1243,0
4,0
8,0
12,0
51,0
13,0
8,0
8,0
2,0
6,0
14,0
13,0
7,0
9,0
5,0
124,0
219,0
18,0
3,0
49,0
4,0
3,0
5,0
15,0
14,0
9,0
10,0
2,0
19,0
5,0
5,0
141,0
2,0
4,0
99,0
3,0
5,0
2,0
5,0
78,0
4,0
147,0
46,0
5,0
38,0
3,0
1,0
6,0
18,0
3,0
2,0
3,0
8,0
8,0
24,0
5,0
1,0
4,0
6,0
6,0
5,0
5,0
5,0
0,0
4,0
28,0
11,0
3,0
197,0
4,0
7,0
5,0
1,0
8,0
156,0
550,0
6,0
301,0
4,0
1,0
3,0
6,0
5,0
11,0
7,0
6,0
20,0
5,0
49,0
14,0
4,0
3,0
3,0
283,0
10,0
6,0
7,0
288,0
11,0
5,0
2,0
4,0
5,0
14,0
13,0
12,0
428,0
9,0
16,0
10,0
22,0
5,0
15,0
87,0
8,0
108,0
10,0
6,0
152,0
461,0
102,0
101,0
64,0
8,0
8,0
8,0
69,0
61,0
4,0
0,0
4,0
4,0
2,0
1,0
4,0
276,0
3,0
16,0
10,0
2,0
1,0
40,0
357,0
2,0
7,0
1,0
1,0
3,0
1,0
266,0
120,0
2,0
5,0
1,0
3,0
0,0
1,0
0,0
0,0
0,0
0,0
0,0
3,0
0,0
2,0
1,0
0,0
0,0
0,0
2,0
1,0
0,0
0,0
4,0
54,0
0,0
200,0
0,0
0,0
7,0
0,0
0,0
0,0
0,0
1,0
0,0
1,0
0,0
0,0
0,0
0,0
0,0
0,0
2,0
2,0
0,0
1,0
0,0
0,0
1,0
1,0
3,0
0,0
0,0
7,0
1,0
2,0
3,0
1,0
3,0
1,0
685,0
3,0
77,0
6,0
14,0
3,0
1,0
6,0
5,0
3,0
3,0
16,0
7,0
3,0
543,0
223,0
3,0
766,0
9,0
56,0
2,0
119,0
5,0
1,0
6,0
6,0
10,0
10,0
4,0
4,0
5,0
5,0
6,0
210,0
4,0
206,0
2,0
3,0
30,0
2,0
3,0
5,0
6,0
223,0
5,0
8,0
10,0
10,0
5,0
85,0
7,0
8,0
1,0
29,0
19,0
9,0
47,0
1,0
0,0
3,0
10,0
4,0
8,0
17,0
2,0
112,0
6,0
5,0
2,0
3,0
5,0
4,0
34,0
3,0
7,0
181,0
2,0
3,0
86,0
117,0
148,0
6,0
5,0
0,0
8,0
3,0
2,0
3,0
6,0
61,0
70,0
3,0
309,0
7,0
6,0
4,0
3,0
218,0
13,0
10,0
3,0
143,0
2,0
10,0
2,0
4,0
4,0
8,0
13,0
8,0
6,0
8,0
4,0
2,0
5,0
1,0
4,0
3,0
32,0
127,0
12,0
86,0
7,0
21,0
323,0
100,0
2,0
4,0
3,0
3,0
2,0
4,0
2,0
79,0
73,0
3,0
2,0
71,0
93,0
9,0
11,0
2,0
0,0
1,0
43,0
145,0
30,0
1,0
2,0
20,0
0,0
6,0
2,0
4,0
9,0
1,0
3,0
10,0
7,0
2,0
9,0
4,0
9,0
11,0
135,0
6,0
6,0
4,0
5,0
16,0
16,0
3,0
2,0
1,0
41,0
3,0
5,0
41,0
3,0
6,0
3,0
5,0
29,0
121,0
5,0
7,0
59,0
129,0
37,0
11,0
11,0
10,0
244,0
55,0
5,0
80,0
25,0
161,0
6,0
2,0
3,0
8,0
29,0
64,0
5,0
110,0
2,0
6,0
60,0
6,0
9,0
9,0
362,0
10,0
5,0
2,0
5,0
185,0
7,0
0,0
1,0
2,0
3,0
4,0
2,0
0,0
3,0
2,0
1,0
2,0
1,0
2,0
2,0
1,0
0,0
1,0
1,0
3,0
1,0
0,0
0,0
0,0
0,0
3,0
2,0
2,0
0,0
0,0
0,0
0,0
0,0
0,0
0,0
0,0
0,0
0,0
0,0
0,0
0,0
0,0
0,0
0,0
1,0
0,0
2,0
61,0
1,0
0,0
3,0
0,0
0,0
0,0
110,0
0,0
181,0
0,0
0,0
0,0
3,0
2,0
0,0
0,0
0,0
1,0
7,0
99,0
3,0
58,0
106,0
1,0
270,0
2,0
5,0
6,0
324,0
59,0
3,0
64,0
160,0
4,0
3,0
2,0
2,0
45,0
4,0
4,0
5,0
1,0
3,0
1,0
88,0
5,0
872,0
114,0
6,0
21,0
7,0
30,0
5,0
3,0
13,0
61,0
4,0
304,0
439,0
9,0
178,0
81,0
8,0
8,0
252,0
13,0
11,0
7,0
8,0
279,0
323,0
1,0
180,0
5,0
40,0
5,0
8,0
7,0
6,0
7,0
8,0
369,0
259,0
2,0
43,0
5,0
5,0
63,0
55,0
2,0
2,0
9,0
7,0
5,0
151,0
184,0
7,0
2,0
6,0
18,0
9,0
5,0
4,0
6,0
8,0
13,0
283,0
235,0
14,0
4,0
61,0
6,0
459,0
4,0
15,0
2,0
3,0
148,0
333,0
16,0
223,0
245,0
58,0
42,0
10,0
10,0
19,0
5,0
259,0
215,0
4,0
4,0
5,0
11,0
136,0
11,0
7,0
6,0
8,0
2,0
12,0
9,0
7,0
157,0
2,0
1,0
5,0
5,0
731,0
4,0
1,0
19,0
5,0
2,0
3,0
9,0
7,0
8,0
5,0
3,0
3,0
356,0
7,0
3,0
8,0
8,0
7,0
10,0
11,0
388,0
431,0
13,0
2,0
15,0
310,0
5,0
5,0
5,0
8,0
6,0
6,0
10,0
8,0
5,0
9,0
2,0
8,0
1,0
10,0
6,0
9,0
3,0
5,0
689,0
10,0
5,0
3,0
10,0
16,0
8,0
82,0
3,0
97,0
43,0
5,0
46,0
42,0
119,0
162,0
5,0
3,0
3,0
4,0
130,0
2,0
2,0
7,0
249,0
413,0
219,0
81,0
4,0
2,0
0,0
5,0
247,0
294,0
301,0
4,0
13,0
177,0
6,0
3,0
16,0
41,0
44,0
3,0
1,0
6,0
1,0
3,0
0,0
1,0
1,0
0,0
0,0
80,0
67,0
3,0
0,0
4,0
0,0
1,0
3,0
2,0
0,0
1,0
1,0
0,0
1,0
3,0
0,0
0,0
0,0
0,0
0,0
2,0
0,0
0,0
0,0
0,0
0,0
1,0
0,0
1,0
7,0
0,0
0,0
0,0
0,0
0,0
0,0
104,0
387,0
186,0
1,0
0,0
0,0
1,0
0,0
1,0
0,0
0,0
0,0
0,0
0,0
0,0
0,0
1,0
5,0
1,0
0,0
3,0
2,0
85,0
3,0
1,0
1,0
2,0
0,0
2,0
1,0
1,0
1,0
136,0
3,0
1,0
0,0
0,0
0,0
2,0
0,0
2,0
0,0
173,0
3,0
341,0
3,0
4,0
11,0
8,0
5,0
3,0
2,0
1,0
4,0
1,0
1,0
8,0
1,0
2,0
4,0
2,0
2,0
5,0
5,0
545,0
0,0
4,0
3,0
1,0
2,0
6,0
101,0
3,0
4,0
1,0
4,0
218,0
3,0
4,0
3,0
2,0
5,0
4,0
14,0
6,0
4,0
5,0
4,0
0,0
5,0
4,0
2,0
127,0
6,0
4,0
3,0
1,0
51,0
4,0
8,0
8,0
2,0
3,0
1,0
575,0
241,0
1,0
9,0
10,0
235,0
7,0
9,0
108,0
4,0
3,0
4,0
9,0
6,0
2,0
603,0
274,0
182,0
3,0
1,0
3,0
117,0
6,0
180,0
40,0
2,0
2,0
146,0
3,0
6,0
5,0
6,0
1,0
3,0
8,0
1,0
5,0
130,0
6,0
8,0
5,0
1,0
3,0
8,0
2,0
3,0
84,0
3,0
2,0
1,0
6,0
9,0
4,0
8,0
4,0
8,0
4,0
4,0
0,0
1,0
1,0
4,0
0,0
3,0
224,0
4,0
3,0
3,0
5,0
6,0
6,0
4,0
7,0
3,0
3,0
61,0
2,0
5,0
3,0
0,0
7,0
46,0
137,0
83,0
9,0
447,0
4,0
3,0
6,0
2,0
0,0
6,0
7,0
69,0
5,0
39,0
1,0
7,0
3,0
3,0
5,0
3,0
6,0
3,0
4,0
6,0
916,0
13,0
4,0
348,0
11,0
861,0
428,0
723,0
7,0
6,0
7,0
2,0
3,0
609,0
6,0
8,0
6,0
130,0
7,0
2,0
2,0
3,0
197,0
1,0
0,0
2,0
3,0
631,0
1,0
3,0
1,0
4,0
1,0
3,0
119,0
2,0
2,0
0,0
3,0
1,0
2,0
1,0
6,0
2,0
3,0
268,0
1,0
0,0
0,0
0,0
0,0
0,0
0,0
0,0
1,0
1,0
1,0
0,0
0,0
2,0
0,0
0,0
0,0
0,0
1,0
0,0
1,0
0,0
0,0
0,0
0,0
0,0
0,0
0,0
1,0
2,0
2,0
1,0
0,0
0,0
0,0
1,0
0,0
0,0
0,0
0,0
0,0
0,0
0,0
1,0
0,0
0,0
0,0
0,0
0,0
1,0
0,0
0,0
1,0
1,0
0,0
1,0
1,0
0,0
0,0
158,0
0,0
2,0
23,0
8,0
3,0
202,0
0,0
1,0
2,0
1,0
3,0
4,0
3,0
93,0
0,0
4,0
1,0
4,0
5,0
6,0
5,0
8,0
2,0
3,0
1,0
27,0
86,0
4,0
7,0
7,0
142,0
0,0
6,0
2,0
4,0
62,0
57,0
365,0
765,0
1,0
7,0
6,0
319,0
14,0
8,0
12,0
2,0
5,0
3,0
3,0
6,0
5,0
6,0
7,0
7,0
10,0
2,0
149,0
7,0
5,0
3,0
118,0
1,0
3,0
2,0
5,0
2,0
3,0
3,0
167,0
3,0
3,0
262,0
4,0
1,0
11,0
8,0
4,0
11,0
2,0
7,0
4,0
98,0
78,0
12,0
36,0
5,0
8,0
5,0
5,0
3,0
2,0
5,0
157,0
178,0
5,0
3,0
4,0
3,0
4,0
3,0
12,0
12,0
366,0
4,0
9,0
1,0
6,0
679,0
1,0
8,0
3,0
1,0
2,0
4,0
1,0
5,0
9,0
6,0
12,0
0,0
7,0
148,0
0,0
0,0
3,0
12,0
78,0
10,0
2,0
3,0
3,0
85,0
2,0
3,0
1,0
6,0
5,0
1,0
0,0
2,0
3,0
3,0
10,0
4,0
4,0
1,0
3,0
10,0
4,0
4,0
3,0
4,0
2,0
62,0
6,0
4,0
4,0
179,0
4,0
6,0
26,0
3,0
2,0
180,0
2,0
68,0
102,0
279,0
2,0
1,0
7,0
7,0
5,0
5,0
338,0
3,0
7,0
4,0
2,0
90,0
183,0
8,0
297,0
7,0
4,0
8,0
386,0
501,0
4,0
6,0
9,0
220,0
3,0
10,0
5,0
8,0
51,0
55,0
7,0
7,0
0,0
1,0
6,0
51,0
126,0
5,0
183,0
7,0
9,0
259,0
9,0
10,0
1,0
99,0
1,0
4,0
2,0
9,0
5,0
5,0
0,0
0,0
5,0
8,0
3,0
4,0
3,0
0,0
0,0
1,0
2,0
0,0
1,0
1,0
0,0
3,0
1,0
0,0
0,0
0,0
0,0
0,0
0,0
0,0
0,0
0,0
1,0
0,0
0,0
0,0
1,0
0,0
0,0
0,0
2,0
0,0
0,0
0,0
0,0
1,0
0,0
0,0
0,0
0,0
0,0
1,0
0,0
0,0
240,0
0,0
0,0
1,0
2,0
5,0
0,0
2,0
2,0
0,0
0,0
1,0
1,0
43,0
3,0
7,0
5,0
0,0
23,0
2,0
1,0
4,0
8,0
41,0
199,0
0,0
1,0
31,0
5,0
194,0
137,0
6,0
139,0
3,0
1,0
1,0
5,0
4,0
8,0
2,0
2,0
7,0
8,0
1,0
158,0
4,0
0,0
70,0
7,0
8,0
2,0
2,0
7,0
244,0
5,0
4,0
5,0
10,0
8,0
10,0
6,0
4,0
7,0
5,0
4,0
28,0
19,0
6,0
140,0
298,0
16,0
17,0
5,0
19,0
11,0
46,0
6,0
8,0
160,0
95,0
7,0
2,0
4,0
6,0
22,0
7,0
8,0
37,0
67,0
435,0
7,0
11,0
12,0
4,0
6,0
332,0
11,0
1,0
3,0
25,0
5,0
5,0
7,0
23,0
19,0
10,0
7,0
14,0
13,0
23,0
85,0
13,0
46,0
16,0
46,0
115,0
407,0
336,0
567,0
670,0
38,0
121,0
205,0
346,0
371,0
543,0
85,0
323,0
181,0
4,0
2,0
696,0
297,0
5,0
442,0
3,0
35,0
972,0
293,0
7,0
376,0
76,0
5,0
4,0
35,0
5,0
18,0
9,0
12,0
9,0
53,0
22,0
10,0
29,0
6,0
21,0
17,0
0,0
158,0
317,0
72,0
82,0
125,0
12,0
7,0
396,0
13,0
5,0
4,0
17,0
202,0
1,0
346,0
4,0
1,0
600,0
2,0
893,0
78,0
148,0
4,0
7,0
238,0
116,0
643,0
56,0
150,0
118,0
43,0
45,0
8,0
4,0
5,0
5,0
7,0
6,0
4,0
12,0
6,0
10,0
37,0
12,0
11,0
13,0
72,0
220,0
50,0
18,0
23,0
13,0
15,0
10,0
17,0
10,0
1,0
2,0
7,0
4,0
0,0
5,0
0,0
7,0
3,0
2,0
6,0
0,0
9,0
10,0
6,0
1,0
5,0
6,0
6,0
6,0
4,0
2,0
1,0
1,0
0,0
1,0
1,0
0,0
1,0
1,0
3,0
1,0
1,0
1,0
0,0
2,0
9,0
3,0
1,0
0,0
1,0
1,0
0,0
1,0
0,0
0,0
0,0
0,0
1,0
0,0
1,0
0,0
1,0
2,0
0,0
0,0
1,0
1,0
0,0
4,0
2,0
0,0
0,0
1,0
3,0
0,0
0,0
1,0
0,0
2,0
0,0
0,0
0,0
0,0
1,0
2,0
1,0
0,0
0,0
0,0
6,0
0,0
0,0
0,0
1,0
1,0
4,0
0,0
2,0
3,0
3,0
6,0
2,0
4,0
0,0
3,0
0,0
4,0
7,0
1,0
4,0
5,0
2,0
1,0
5,0
4,0
5,0
4,0
128,0
1,0
2,0
4,0
2,0
4,0
7,0
5,0
0,0
5,0
2,0
3,0
4,0
3,0
4,0
3,0
7,0
7,0
12,0
6,0
11,0
5,0
18,0
10,0
7,0
4,0
9,0
14,0
6,0
8,0
4,0
5,0
20,0
6,0
8,0
7,0
13,0
6,0
8,0
4,0
4,0
1,0
8,0
11,0
9,0
14,0
2,0
10,0
7,0
2,0
0,0
4,0
1,0
1,0
3,0
2,0
4,0
3,0
3,0
3,0
0,0
0,0
3,0
6,0
5,0
8,0
7,0
12,0
2,0
0,0
4,0
1,0
6,0
1,0
5,0
1,0
4,0
7,0
6,0
3,0
2,0
1,0
4,0
7,0
6,0
8,0
5,0
15,0
9,0
9,0
7,0
11,0
3,0
1,0
11,0
3,0
8,0
3,0
0,0
3,0
3,0
1,0
4,0
2,0
6,0
2,0
7,0
2,0
2,0
0,0
1,0
6,0
1,0
3,0
4,0
2,0
12,0
1,0
4,0
2,0
2,0
2,0
1,0
8,0
1,0
6,0
3,0
3,0
4,0
5,0
6,0
2,0
11,0
6,0
4,0
0,0
0,0
1,0
3,0
5,0
8,0
5,0
1,0
4,0
23,0
10,0
0,0
7,0
2,0
1,0
3,0
3,0
2,0
2,0
4,0
0,0
10,0
5,0
3,0
4,0
9,0
5,0
6,0
7,0
10,0
11,0
11,0
3,0
3,0
10,0
10,0
8,0
9,0
23,0
18,0
7,0
9,0
2,0
7,0
3,0
1002,0
3,0
2,0
11,0
3,0
14,0
10,0
12,0
3,0
2,0
1,0
1,0
5,0
14,0
16,0
4,0
5,0
4,0
6,0
4,0
5,0
6,0
8,0
2,0
1,0
2,0
0,0
1,0
0,0
1,0
2,0
2,0
2,0
0,0
0,0
1,0
1,0
1,0
1,0
0,0
3,0
9,0
0,0
1,0
1,0
1,0
0,0
2,0
0,0
0,0
0,0
0,0
0,0
0,0
1,0
0,0
0,0
0,0
0,0
1,0
0,0
0,0
0,0
0,0
0,0
0,0
0,0
0,0
0,0
3,0
0,0
1,0
0,0
0,0
0,0
0,0
0,0
0,0
3,0
6,0
0,0
1,0
0,0
5,0
1,0
1,0
3,0
0,0
0,0
2,0
1,0
0,0
2,0
2,0
2,0
0,0
0,0
1,0
2,0
12,0
2,0
6,0
3,0
2,0
5,0
3,0
3,0
1,0
1,0
1,0
5,0
12,0
1,0
4,0
2,0
22,0
3,0
7,0
3,0
0,0
2,0
3,0
4,0
4,0
6,0
4,0
5,0
3,0
4,0
7,0
4,0
6,0
7,0
2,0
4,0
7,0
5,0
7,0
2,0
4,0
6,0
7,0
11,0
3,0
1,0
7,0
7,0
3,0
4,0
4,0
6,0
3,0
5,0
9,0
4,0
7,0
18,0
6,0
3,0
2,0
6,0
7,0
2,0
5,0
0,0
4,0
3,0
10,0
3,0
3,0
6,0
0,0
7,0
4,0
1,0
7,0
16,0
15,0
3,0
10,0
5,0
5,0
1,0
11,0
15,0
2,0
3,0
17,0
8,0
8,0
6,0
10,0
3,0
4,0
8,0
3,0
3,0
8,0
4,0
0,0
4,0
5,0
3,0
8,0
4,0
3,0
6,0
3,0
2,0
5,0
3,0
2,0
4,0
4,0
3,0
2,0
6,0
4,0
7,0
17,0
1,0
5,0
1,0
4,0
1,0
3,0
2,0
0,0
4,0
1,0
1,0
1,0
1,0
1,0
1,0
12,0
6,0
2,0
2,0
3,0
2,0
4,0
3,0
2,0
2,0
2,0
0,0
2,0
6,0
3,0
8,0
7,0
3,0
4,0
3,0
11,0
3,0
1,0
2,0
4,0
5,0
9,0
6,0
6,0
2,0
3,0
1,0
7,0
11,0
9,0
8,0
11,0
6,0
5,0
11,0
4,0
7,0
11,0
10,0
4,0
5,0
1,0
3,0
3,0
3,0
11,0
6,0
7,0
5,0
5,0
3,0
7,0
3,0
0,0
0,0
1,0
3,0
3,0
3,0
8,0
